8923883
2148471
8545523
4087229
9594405
9798935
3321200
1317554
7894011
6796528
9309315
7359282
7037374
6509941
7027755
2824993
6614880
5603667
5466874
9034860
8184494
5787354
9935111
2958401
2538862
6327095
3342553
9770479
1819721
9472370
9778933
1915728
4167713
161984
8332779
9559193
5518020
1572784
7155078
883984
9906998
7109689
8377832
9290941
903739
5747863
251697
8935110
4354592
1002335
8376865
8590274
3865474
6048086
8931854
7250404
2041331
2328904
5593723
3414032
3980919
1647966
5809797
1660029
3815070
9472572
3663388
8802580
6271095
8255032
4202633
8173608
1314991
6358737
8456928
9640659
1424677
1277393
5251221
6546296
5870315
8953573
5289929
3147012
6065349
8941688
1538228
3504095
1761375
1006757
3192077
4621304
8378126
3007327
39998
6739494
7434288
2934468
4090806
1014672
6014957
9644755
5733898
3045624
5306193
1247294
6953158
9383197
2301724
8707010
6743868
5282625
745331
169263
9130266
5963450
6505406
1046851
5212223
5917431
7943185
683998
6516117
3771383
144034
7590532
4117876
7848998
3471316
7689699
8220486
5158803
4661619
8060330
4005880
4955557
9445660
1749881
2641030
8463281
5071713
6138957
3231501
2878875
2172394
9726763
9655855
6983255
6642300
2831332
442810
6378968
8268019
6364877
9229095
4390124
9730243
8541187
7738617
7993374
1363373
6599275
8285823
2967001
5554057
2667539
7081273
7672286
7431434
4737928
103480
1823115
8805923
3665208
4468754
7646598
9586298
7325034
4264013
1165886
4462254
7274590
8166431
7435260
5604582
6332624
8468808
428919
4832140
9643166
2670227
569066
4988080
4927200
7752262
3063527
7720068
8840917
7058210
8865287
2484725
4064881
2500279
3184730
5880451
253964
3645962
1048736
4025679
9325057
1916700
864713
8793692
495817
8888255
1200494
5087070
8572046
9708822
727293
653957
9528397
6218010
8634460
4921523
9023749
3106396
1911489
198091
5446963
964806
626609
3792057
3679712
2176753
1417922
1798529
7031124
55455
890443
8583675
4978540
9099402
4356025
6279024
3207786
5429082
3254263
1690747
1537547
2358401
2271007
6561173
6870140
6988767
1835476
4921712
3899492
5427696
7598589
846244
8754981
2797522
8805671
4293650
1056564
7247500
310952
5391294
4347709
2446833
8849367
5344624
7473592
727310
5786427
1752161
1368165
9073863
291454
2156431
31347
8115633
115239
1505179
1879010
6263302
1367100
9889415
3060716
1408414
2504914
2858065
492932
8135361
6013371
3287094
5948362
8034946
8171369
1993498
3101082
9093857
9442734
8711722
9893261
6657126
4924945
4655324
9086538
3213464
1203707
8608804
2690685
84930
1517428
4444161
4713943
4860276
7932757
6763557
5332863
3723996
5103683
3315097
3767898
2214362
4233881
9722080
2240570
3270559
9865152
506555
7695321
4031420
4060468
9161227
5036875
5180580
6650673
1366022
3997775
1837877
2556008
1394012
8110570
4552907
5708753
551725
8354542
9566270
1101922
5625682
4321874
9535014
1898933
6862444
5494456
9275085
6010297
6331159
4342518
8927710
9904616
2746472
5953686
8731274
7650884
6816099
9976713
9270756
7396912
6235595
5936004
4847582
4535800
4296343
3398584
8065020
7607477
6719714
5278409
8004068
2741810
2012897
8446584
5320373
6798964
5539327
4786877
8655726
2686789
7289551
3275459
6451981
4950369
1351134
3857168
5291623
7783337
8961360
1631440
4580910
4435774
2052030
882793
9578623
7544591
8456722
1370512
6323495
2592531
1388153
4028825
4134672
2590758
6329557
5140998
8013052
9514666
6675296
4786495
5302088
312471
8560246
6033161
8804289
8306675
8612783
1783449
6676010
5807166
5030175
9368214
4448817
9778543
707439
5827739
3869691
3825226
9663566
5544094
5772120
2503731
6733426
7835243
266462
8916384
2780865
9420275
8223195
8763192
18703
8453403
429180
3566394
4614646
1615595
9183368
3454454
4286120
5214131
4461695
519891
6163178
1179350
2328770
8761164
4208081
4973376
2106398
7778139
5137955
8547895
6264780
3018200
6513633
1270002
7362289
4867853
6055425
7974947
6049381
8575420
7012784
4657656
6477080
7320175
1722030
5475246
4714755
161803
4280283
7313990
252773
3910276
4341085
8749737
3252725
7899334
480556
18370
9780453
187687
111768
2068084
1047138
7541848
8975998
5611409
9522672
7969863
9612983
6285485
5346634
360061
2343310
6704404
7017760
5866657
9791481
8567286
6788568
6303862
680914
2421737
9739575
4063224
2406139
5344144
86415
7161947
1245642
2169798
8430420
8817669
7000713
3205567
8518994
5982150
4525804
5666858
7280833
9517604
9331910
5443440
6703520
3834282
4934519
9355608
6669174
1805336
3029048
8024966
5210746
7675051
2900265
7259714
823578
9374800
2685328
3678728
6272930
3654289
9211924
7768123
6227126
5338523
2478270
4838649
9511756
822660
6997360
4690520
4457636
5387864
8583813
1519054
7934903
8943950
6525481
4953503
7932080
4697124
3696068
7281802
2608111
4583940
379295
3223465
9220084
4239249
4023794
1419969
2855150
3264581
1585918
80442
638656
390516
1716535
4846464
9359215
9992990
6027065
5689263
1286399
7778823
1073197
4789563
2161144
4996241
4951301
1975657
807647
101577
5672607
7280515
2192443
7771141
9074577
4421004
8849692
1971695
771834
1254174
3261769
2331562
6496708
647740
4797543
9807877
1405507
1838665
7442789
1543238
7984436
7114398
7707599
2112718
9315352
1466407
3834152
655400
6529508
4675260
5705327
8909494
47429
7718168
919738
382759
939313
5735652
8946599
8892297
5570641
1132925
8235096
4803133
9899810
1437880
6313411
4338264
3563114
9154094
4609655
338010
8640007
1027562
247153
2685750
9535697
1872084
3312286
8934121
3131549
5021736
3696201
2396001
9989270
1693232
1809380
6903268
698577
8563523
2141541
5707777
6235905
6891769
1377119
72651
5339663
3367440
5695594
4397436
7338025
554909
5766858
3537341
8889028
9319341
7268828
2152330
7561731
9578376
6790303
2625190
3657842
6362214
8499638
9703763
1135911
303746
8767846
518946
1876093
5564476
5618919
5757279
1698181
645328
8291287
2731172
8943886
836078
2542589
5970124
5558890
9954826
6147222
4057269
4137070
1829105
7023709
909083
1816219
1100032
4979399
4012916
3660724
7957469
4446524
5724648
1505800
5148668
261585
5488399
4791523
3970523
2124478
3005405
26046
243064
7250144
2845241
5872134
5264222
493612
8452089
6224700
932451
6186018
5778784
9930660
5413020
4448751
3825236
6770773
1129207
6817601
1842676
8763111
1266997
4714184
6877513
5896840
7101391
6654626
4751595
1883287
5505640
337866
9460226
9927138
205851
5503637
2127242
9508046
1753169
3652314
4668308
2394232
7945380
5331175
1755216
3385918
29145
1657545
1756630
2848793
1132354
2546118
724015
87009
6762997
5773358
9259009
4710546
2056967
309606
2937352
7260432
1799539
643642
3904036
397489
7935264
3415193
6274292
7147693
1406296
7940418
699683
9119159
6419637
2234471
4931738
2050107
5037643
3624556
9228178
8705010
8477648
6837537
9891639
6390349
215761
1632112
4102203
3035333
6176250
6068458
4267824
3272499
279463
7554353
1471133
5233397
3979915
7724012
7015520
4228895
782106
1440145
8350621
8281747
518244
937187
6961999
9064242
2470497
9921719
7539143
8571701
3013798
2733959
2216052
4218011
2821871
7593412
4328358
1522579
6555217
8371474
7404216
693764
4146789
2485813
1378305
9163507
7143952
1707803
6221461
3502995
7647405
9722116
1566361
1386806
7996603
5974461
6255251
7023875
3804067
6923288
4269567
9114825
4105379
6059613
165571
3036457
2875051
4929088
2577448
4744731
1368896
4926816
6239397
1255419
3586742
9115186
7211353
1202193
1888830
3434395
9672087
8235187
4767543
519900
7832962
7753089
4647504
6959185
1495319
1570755
7760076
7180842
8243855
5830164
3764756
1496539
4115168
2315636
8311018
7905588
3638946
6541146
8543400
5380607
8296115
4089045
7523413
5330319
155840
9762861
2403165
5016745
3116711
2651319
6993141
9120205
8257283
1096274
7496159
794878
8620486
7491454
533639
1396992
2371040
6928716
8682382
8313507
9016048
811848
4217418
3670607
5884781
7463720
354991
2120086
236280
4399441
9287455
4086343
4041561
6903330
4940099
4677632
5169285
5876480
7535822
7885410
7304655
1940361
7284574
1832475
8349075
2338076
4915556
2504202
3398190
2701416
8325986
4274071
9900748
7618349
1643223
3845064
2599183
