1760281
2240122
5610188
6866091
9005287
4013883
1873423
8986927
9857753
7877988
4956956
5656820
5536767
5503465
4309415
9620977
1284557
3819106
4884392
9574297
5051346
4160471
6078734
9739340
9089168
9466204
960953
4795253
2439515
6530088
3971010
8135970
116958
5159514
1503956
9101044
1772143
9008174
8164442
7672105
4331323
9444686
5352350
5010763
4315853
8227983
3212042
6465405
1659737
3237659
9737372
2646433
5218040
4832948
9084725
2264569
1925768
5985416
1283426
6804620
3536364
8332999
8543614
3720946
3719155
983046
1380241
732825
4364373
6568005
4532155
837799
4367148
1493313
5716076
9705178
560856
327682
4440881
3154913
7786455
5765426
1894864
1201965
9047554
6902050
7832165
5434532
159728
8215045
6010601
6644369
9875985
1290130
1432188
558350
3662303
9240874
7389924
3061986
7848781
2961091
4972373
2122260
2429111
4628063
7988723
200337
1767273
3024091
1378176
1516049
4585462
8791298
7829714
38234
3799466
8786762
9500484
2704282
2452964
2780222
7494752
4767175
6304742
7563390
3336252
5830070
2504954
7031286
9620597
9877423
4016418
7523653
1265289
7756244
6145761
3410662
3810282
1794920
8218437
7397209
8948801
3284665
1556766
6297531
4218100
7848506
6628223
6270197
8406577
8902127
299466
7892640
6533126
5522985
8761794
1074097
3173142
369784
2243501
6157974
9869965
5896327
8092129
6567713
1395306
5136800
3349973
2432987
9708933
4621566
5606187
5178869
9979889
2699415
8981917
9199354
1617054
7420783
4309447
8440644
9110025
9257809
4600294
4882623
4690576
5246950
2639498
6378652
1074718
7787446
3503097
1650400
7441529
6330630
584482
5498114
8853371
5446426
134968
9461331
51385
6881935
6386881
4355879
1361579
2172966
8606154
5755940
9191052
3453792
7733943
1801681
4710075
6043527
7226997
3390739
5723595
2424267
973672
3141999
5567429
3759675
280652
966700
5151688
1631770
4798602
6804204
1906049
5101388
6098221
7981499
2676399
7290627
128119
117891
4687653
4487763
8762028
4966414
281993
145830
6475393
6549970
7617994
1712770
5398198
5710160
3139495
6500447
7786676
9553843
4073591
9297305
1502336
8401662
5176977
8715474
7891797
6797961
8561025
7711378
670699
7653737
9612326
3650180
8074214
4757073
474132
752614
2541252
2118021
855292
6782191
201359
6602883
6981621
3763688
7510103
6344683
691416
7794527
7429305
6274096
7945042
3927470
5499223
4613085
7456205
5024819
1099438
923776
7167135
2847223
8010997
4465523
2934485
6191100
1099303
3847487
1078629
205041
7177549
140748
1795657
6942871
2724331
3909895
2955679
166056
378294
8940368
4012670
8707045
4644255
7278323
1375385
9024252
2970670
6690627
1129520
9582251
3405236
4795927
3387448
8527576
3832805
8292966
9973838
5220060
7700703
1224647
2300234
5655493
8161227
1500498
1420093
738573
3841520
7935221
1203262
8084099
2524050
7119612
911399
3560915
8853692
6241962
2942822
3248592
903830
1378888
2518066
9609780
842900
4387530
4513166
2550998
9023202
2584121
3187601
8779011
903340
6253550
9262603
7067965
4618018
8943548
2378340
9627553
6934627
2828241
4766035
144308
975922
1853771
819467
600257
5525520
8476459
8934925
6434468
8565924
7914312
8007519
7420980
2202644
3249416
73991
76206
3346337
8138050
3526565
4868591
1706584
6721828
1619821
3776291
7316864
8616229
1488607
8189761
274696
3554223
7847829
7382269
6442811
2873618
8342147
6783733
4337486
3747623
5539040
7370351
4215414
2996088
4642187
5988666
6268255
4624659
3283688
6241007
1021129
6815308
7492067
5490732
1886872
7912543
7973854
3964186
1335097
5710458
7333619
5282237
8457242
7924841
208227
8957022
4799693
8670165
9100422
7983708
8433865
6017691
611176
2300119
9136573
4187037
7400436
329898
1364758
3631871
5552478
5681585
4952800
1361616
9799459
1955315
1961530
706265
7515879
2009891
9143530
4002643
8547794
9944829
7229635
4595894
4947884
4078511
2708246
3286175
7175384
6837430
8078571
9042920
8005370
7960843
4204712
2788749
9337129
1803320
9423428
1145891
8908532
5724435
5251471
3187008
5872458
7198576
4492956
4784476
8094437
4672605
9048523
2150843
9656635
8648463
2086327
6474086
8745408
9120946
5986226
9893992
2280880
1173840
2695267
1708917
6462200
8356354
8349968
8995012
5746426
3626287
38806
3404420
2377236
1672943
716736
9904375
6563743
7140229
2693409
6337347
9856989
9835043
5973186
1620494
3525331
7351072
1075328
2707915
7860857
41691
6113288
9293725
9214756
1296607
1995690
3106821
1177073
5451597
5618198
8566614
3235390
9169241
853998
5326245
5296821
2228686
4788586
7420025
5170696
4546471
5459809
8560063
872072
291978
6391031
3307968
8491220
5224819
8678173
3469921
5366046
8926452
8600653
7968916
368918
9503170
8842419
9389547
6343958
5915313
7206085
3759564
3796131
2830393
8778183
8397318
22453
2977127
6057493
2186100
8495298
4536193
6878368
799636
4127200
9286983
2097814
1010391
2429452
9323446
2130674
6360700
9303339
270142
2142896
4201868
6853431
9299147
1349070
2568768
2253058
3223011
5612076
173234
3646551
6179019
9760362
7479497
6054313
2592848
8070269
9410867
1803641
2458268
5462090
5007502
2471399
8949273
6366431
4676675
5461150
2846737
7745756
7767847
1455945
1482400
5827907
7843312
4506644
1212373
3237740
3383059
2827617
8015483
5824102
8118263
1567056
2694202
2761825
959308
3916096
3079958
8883667
4915264
8425062
1541264
8253871
7867853
7634608
8847578
9104436
1570931
3574785
1853712
7420946
2889190
7306221
872866
6975751
985585
6997468
653440
3193301
2904540
571413
7238707
4879633
9988207
6603192
2624486
7210462
3053455
1581514
2813574
7005001
6057384
1835099
984681
4741917
75196
4918099
3986222
9380746
5153711
5697179
8868064
5148577
9771716
5667770
7657947
9966092
2319016
2065437
2573285
1969976
5324879
6936487
4342644
9162915
6570009
4668447
7280030
8149487
218176
2428762
8495687
5677937
5421306
7921964
4189142
61006
6687645
7705677
6267108
7691156
4137912
4199926
5388855
7744652
2954036
7526082
9840211
2731349
266650
6409638
2336485
9109679
8460207
2576057
9630017
9157706
1285701
528086
3519863
9950845
4874007
4430750
7257816
2232893
4764091
275876
2255411
7873134
5765733
8573395
7487574
81426
1149920
8412485
765032
4078174
6467423
248199
7360810
3154972
3811919
5771384
2864994
714332
7352810
8765548
2342712
6136126
9362573
8824667
7531584
5039185
7502380
8389195
5180151
6936345
6829284
5688416
2642256
9396726
3736239
564482
3814513
7052503
9953358
722187
6137080
4242811
3515425
6640652
5729035
1145066
2471438
3346071
9395388
3549205
3352421
1182489
6702645
4360677
5272354
3384010
6493635
9832308
9382218
5108324
8231926
7091560
9699530
340946
6690718
6219850
1318932
4884036
5275836
7626917
3917982
338447
7109622
5762855
7871810
9970098
2219605
8397287
6406473
5600968
764030
8992538
6716030
8940002
7330021
8781718
5188070
3071026
1355741
4677616
8474615
3218280
7659788
9144953
1669229
7878545
3255454
4546474
7383617
3349004
5339091
923046
3267104
7228480
6962938
6758756
3779184
4866894
741176
6688177
17149
7162219
4698643
6817745
7167752
4475663
4293778
884355
4902888
1087848
4086961
9075714
1877522
2654492
4888503
319173
1435043
3058847
6933684
7011616
5565536
3307495
3934475
6576307
3984007
7505820
5633996
6385059
8508620
9213939
3561879
653985
247280
7114535
6255541
8934746
7736405
5258050
6338369
636070
632656
6081598
9189571
713830
147000
9243380
8138955
7119106
1970934
6962511
7609398
3408268
5127214
6006709
2700815
1965143
1519167
9942818
7610785
2234643
1094391
8211646
9064666
4271863
4062193
6884564
4555356
6860232
5389299
9142591
6138286
4368234
9124925
3312408
4758970
3202673
6355379
5135585
5952245
4503793
5778342
1500250
4846692
1336275
5222932
4694403
4869740
4313175
9810024
6601979
4858996
8697496
7853458
3902665
6775945
6668086
2877478
7076885
4724472
5033333
3394097
8647688
6483671
9028497
4061312
1577354
2175209
7822153
2040849
9853718
9266654
5968281
4212871
9954688
3168863
4807440
1751984
1115532
8430551
7747579
125332
9788196
3912947
657195
8739770
6149836
5534723
7204285
1444179
8836440
4540516
6316019
5706787
8803868
7502675
8128429
9189650
423835
6834434
2883034
1691783
1008457
4836180
7316191
1558683
9901549
3729677
819439
2148070
5526296
5102298
9210991
7022714
8563111
7052603
2793442
8659558
9443818
1188080
1427524
8101877
8445220
1897823
2493385
3153690
4536264
9187190
1346948
952075
8004206
4734209
2535296
7259664
9002633
4846011
5402493
4505926
5888657
167672
8205781
6744422
7654109
6796199
4154682
6134419
692063
66641
919847
3719962
3773181
1586734
1755865
2855870
2764785
758893
4204560
6950767
6824137
9621459
2229631
4679661
4688109
2132440
6281775
1002575
6186867
9075774
7399406
6060526
8227663
9834148
443791
9481427
5236768
1922207
2321541
3729917
2344006
8861005
3726132
4375612
4762582
5434732
8968331
971424
4107673
1691444
8771620
8305261
2736679
6060126
713797
4604570
3649543
3884766
9060456
7732747
5580458
8003912
3751782
5225045
5933357
6651860
3007529
4944994
7710093
9767993
7202321
8902754
2352544
981010
1456505
2337553
1736234
8679526
2988686
6074001
425880
831133
5551800
909627
8940777
7323889
487817
7225438
2826491
5914974
3112489
9101857
1490204
1415668
8470693
2436709
2909182
4689021
9514279
3882823
7292418
434236
3744449
3536192
161161
5896164
4906076
9499754
1454194
369010
2167277
5336118
5041952
9956658
8635773
8519112
8039040
4908218
7383583
7376746
1345228
521697
472959
7027373
8291520
4422046
9953887
1552726
535012
5292937
4849548
8361028
8766237
4479385
1738396
5070816
5833240
8930966
702363
4912418
5927414
7131489
4654206
5808163
9596855
2109079
4071338
199147
2447412
7609388
633664
9333435
8617234
585452
5051668
8587606
1242457
1094303
7649622
5228901
1478075
1020086
1143110
1496172
3845331
7872371
9219640
2473623
6176716
5460707
6497786
7635177
1145402
4929437
9536599
1431257
4549313
4105764
3158746
801410
357894
2443058
6056027
6087917
5342715
1208117
2615476
1424511
7054387
7790633
9224108
6246433
979165
2272350
9172689
1747094
3878466
1950722
3962939
5864471
6696811
2125563
5423843
1121855
2831065
8969008
6348240
4235231
9171737
1576580
5560207
1635170
6555554
78174
2023279
5182573
401055
1132095
669866
2931188
2416548
460090
82961
7399302
5443511
272267
6019947
1449620
7285791
9297240
7344919
8833575
2705950
6907332
3346772
7789491
3993460
5343167
9922735
1700654
3467977
5226211
9812170
1265332
7266060
3994293
2421131
8704994
8983984
8294349
1746658
1491537
748226
5506945
8325089
7742987
4445690
3332069
8148754
7032601
6842872
8985509
9659607
6462702
900514
5348887
1461917
3128350
1263932
7558860
4923175
391275
8240836
8528239
5664768
4780050
1514087
968058
7342699
9651399
3193142
4361796
7803057
2822092
5420537
654248
2662634
7911610
993649
6700586
4313865
270968
4396810
7532436
8487008
6598370
169046
6119143
9037233
9116347
8503388
8225970
3098726
3911714
9919509
2099250
1480539
5250346
3772285
8460572
8471262
757503
3431556
7969540
718826
9942300
1169026
7768737
9192930
1748184
2684619
1909765
9875008
4896801
2636242
3854105
2219867
455167
2548325
9195256
7850104
5358297
1404742
9927981
1852970
8916467
9849264
1723589
6317286
9584401
7453569
5073562
3076701
2762123
4683988
4657954
6549460
1583252
6779570
2086976
7562292
6669821
3973354
5298779
7330538
9121844
740236
3999284
2959242
5651039
4851880
1446659
3126872
5399350
1332715
8791518
2730628
3307966
191347
3813813
5543732
84664
4692128
1437982
2871867
6494156
897767
352790
4933578
7323591
8687990
4846287
9644028
7709204
2800399
5844838
303283
1038707
6789453
9087827
7746458
7078252
9654595
5869391
2622917
822627
715054
5736731
8127021
8478793
7944262
3049888
2386167
9348760
6464853
7195754
3863614
103736
6253506
6253941
5149876
208792
5042411
3035449
5722658
8598730
5385225
505237
1144149
6878795
7739158
6789260
7152542
4274909
490387
7341925
663448
4831110
5843149
1953917
3275900
7972101
1289599
4773248
7259059
9270623
6629376
7377675
3610955
8326099
6093657
8799760
8352862
2687437
5601349
710511
6438102
1498756
2478636
6072818
349785
7179888
8075875
3444834
2114875
7990624
7793699
9119378
9775580
264133
7391470
2954326
6010594
3423612
4735223
4056218
8916813
7402048
5925277
3134875
1906379
2316727
5628668
8698272
4369427
4771431
7548703
3021118
9057749
1877415
9189807
850364
2907181
7069716
6305081
570104
124248
1280849
3063514
8487159
6116784
7937305
5058322
4106043
4408285
7669080
7259568
4941606
1734542
7735402
3821456
8540353
7395847
7649301
441536
6198397
1081549
9149857
6789271
8486763
6061240
1346185
8260243
1295098
7697563
4801031
6006073
9133538
6292629
7803273
2795266
7832844
974762
7936662
2723112
28325
1779329
6149541
785486
2193642
1674708
5867101
5473461
4782617
5778147
155199
3740748
1798061
5840745
2910928
421391
6051311
6500524
4224507
9403063
8370641
6291807
5091804
4644683
1383774
6039387
9587689
3113688
9614408
831594
6721440
5040370
2515640
4357503
6522038
7978748
785616
5991528
6754654
1699016
6124310
8120503
1533749
9690782
110938
6815470
4745616
2345866
8407233
1384830
5646907
9351986
7974072
9891852
9900724
5764929
1637033
4450868
4194105
5308789
1444908
5220315
6589257
6388542
501336
4238878
2632062
2995052
740559
318332
4157822
5404042
6117412
1704265
2370776
5666161
1332312
8371777
1705712
6762950
69653
4789341
5036477
568917
6424507
2405618
7806690
452023
171541
7375710
9544716
9891184
6872249
1676271
505472
6858762
8626076
5963223
3417718
3248039
4666435
5157661
653235
1724861
3400309
8567723
1097249
8464144
281032
285808
4946056
9626804
5095219
3507779
9911936
6842642
8147944
4830289
5123503
4725537
6340527
1936241
2461084
7103746
4759388
9962091
7239755
7984835
8841317
3496509
5471852
4827232
3871587
3291353
6767139
9267986
5113592
8971360
3064404
8409252
7481730
3186741
7911890
553989
5707280
2234273
6370561
9775303
9759836
8577507
9047833
1032904
643004
727705
2323637
7129747
8523793
3553640
1465996
2290789
4704725
6831473
2608353
9131210
4365160
8899290
3348872
7563578
3052163
3905800
2861758
4283668
956003
9996371
5965522
7847901
498830
7059642
5243492
9844123
7777134
9388286
4971735
1477739
3296980
5692983
9683138
2354151
3846198
7208636
1898313
5139127
3848732
8077091
1645029
3242990
4880590
4414169
8064660
3532046
8074540
2226965
4999878
5001406
4008034
5301593
8222004
5756111
2661993
4092424
3940999
5353673
5200360
5117069
6607696
7728197
6402700
4629023
45965
6243101
2199124
9537682
3422008
2523184
7791332
5137238
1712163
9173957
1772720
7981693
2619237
6436069
9073388
1289925
9260305
4488483
8178609
6329997
8471229
4885764
9558033
5211900
3301307
8591431
5129109
1950903
6624203
9134857
8293270
8466773
5654871
2289335
7358798
3517407
4569118
5288302
1743953
7664536
7583769
5725906
7018577
9148523
8955514
2285152
280789
365331
6261171
5593305
777396
788398
6509231
9183073
4270027
5767544
401158
984544
4440808
2823191
6369726
3993926
6414221
7108929
5763178
1202933
6637920
3932106
5918384
8084396
2275918
7140114
6034147
2218759
5625201
525170
2698544
8117754
3137167
1430894
7544813
5061162
7121170
3161698
6665943
7761794
4321784
2569619
5757572
9878835
7269971
9568416
2285606
3058328
6476606
8500175
2245131
1092287
2559236
7766283
758751
8848694
2585082
5333651
8408038
6948647
2195377
4211746
1445964
2412480
7035461
3174514
7080467
8746000
2942443
337768
941104
2885365
7569884
9266306
3048891
4277478
7334787
6029382
7201698
6177650
1098098
6187394
694615
3728873
829415
5645964
3729074
7461673
6085576
5718745
443925
9519381
5393668
789749
8720608
3500844
1472262
8584008
8392414
7211334
8713757
5581187
9354722
4573394
1218726
2205039
5297512
959394
6590478
1465481
8208559
1091281
1782003
1194965
1551810
9016808
7287570
5985823
1169903
2723259
7997447
6665920
8614809
6618486
2404805
7639220
94415
8968612
1311659
5680508
1086557
5824119
7170790
4138947
4380866
2288472
3969649
3580724
431742
6419922
5639526
9239191
912779
5698202
3713516
350987
3389032
7875953
6928519
8614892
8079495
3488674
3528221
9882991
4652892
6305549
3949573
7694274
1081882
8064417
475994
419519
2015177
3041057
5764416
412903
2361752
8421019
4173335
813674
5482731
6027713
4341645
2129063
6773697
9873779
7494417
9295573
4220478
1746940
1107018
7082559
7071349
648188
6487744
1728812
5341491
3659782
6064804
2342474
619101
5189363
2102241
2686326
2857630
6170858
1840798
1516151
1220315
7862356
3175153
1059402
6649584
1882907
3766659
7755169
5037796
9597886
550852
1805225
7485682
4764486
66852
503914
6318553
3477223
6483324
7291733
6441949
7084980
7229190
3513021
1708658
2848507
6747863
4127021
2065304
9394330
9985530
1891901
1356053
9694013
1798264
8921214
70150
2335507
2135143
3894140
6503714
8017468
5860485
1144856
4414856
1253966
6538891
3468717
3553114
7466321
3029898
8571435
4703013
8767323
6462458
2488620
3662016
9443265
9544750
8996668
3398564
7969996
951436
8817461
6113738
1224980
5206596
7751876
3317471
6735597
5325285
8985702
2168095
1650346
2984114
8470038
7858660
9340774
2832116
4277255
2284526
6911959
6751365
138630
1273181
8925422
9458709
3795621
9580521
6600483
8670077
8964320
3548745
5371597
8289720
4892204
4391883
3335136
421948
5965014
4842592
3058581
9207342
5847254
2676469
2752974
280532
6047291
6773324
9638683
4399261
4025993
5332505
4785089
8155667
2605329
8065305
9194153
7210085
4933192
1282032
4475848
6041814
5442292
4559052
7181120
4578726
5510990
3060134
9990804
9039437
4630039
4855709
2518136
8581339
1713595
3733978
6200484
3188196
7705445
514069
300610
8125284
3940397
1364158
9238108
6534556
9974822
7584901
4317438
6012971
4029466
758900
699964
662159
1394949
7859137
5275913
9177432
8359323
5484637
666748
6979547
2115003
6864035
4697570
9348304
5007820
7813326
9344160
7831218
8276784
1439129
3092798
5881016
9982196
4121374
2800210
8576730
3339232
6121074
6489001
8404244
3766410
8613145
8648830
9460298
7604523
2527479
6804362
8518628
1416542
958881
3652723
3735835
944082
5570716
5968858
2286388
1034356
7854491
5251469
389983
420323
4451027
8797585
8770582
8339217
8288991
8520772
1040641
5002933
2316956
7548310
5886739
6226670
5294861
5721661
2872866
8494662
8668383
6824634
8779587
3427838
7972632
764781
2998307
1326940
7825104
6403674
5150829
8092371
6815812
6008490
6238955
9854472
3703079
5342904
6008040
4168780
5095726
1038400
4473694
3296724
5697402
4683328
2727968
2213233
7005831
2124283
5423428
6224393
4226217
2006726
8780727
3384855
4929888
6804918
1137290
8639278
1852697
7420162
7285075
5312922
4829361
9040886
8777270
1963826
6940517
4417213
5714392
9454344
8513106
8365958
1109690
6795660
6061638
3214609
4011822
4469586
6547299
7762643
5854373
2563584
8733813
1738802
7707808
6051428
8870436
3942436
7538369
5930905
1294365
9755069
729113
3187593
661463
9798031
7094622
1561396
9407995
1021825
1087579
6459291
3042087
9403935
3281961
9586850
867489
94183
9643461
9395387
4054754
315490
2072555
874896
7179916
9188855
9050926
9823841
2115665
9836695
166827
317186
5895047
9059682
2170671
5739233
8635299
5824304
6204635
777012
1322345
69238
4129155
7237161
6557249
6457268
300106
4695808
1138543
2857232
1057176
7509722
463831
530715
6920288
3706044
2439672
4774324
4704047
476955
4109362
3255711
2900754
3138869
9488779
2278190
4059057
5045010
9998160
1791143
9938609
2196580
1256485
7403002
5109517
5226394
7399
7038148
2960266
9214479
8335943
9396742
1186141
3831728
3385032
461398
629535
2708192
5752531
1871038
2892045
6519014
9452850
6541557
3106121
8728296
9586480
1355560
1421327
2948570
7831606
1576102
5261528
855049
3767008
354804
7969328
1721295
4401542
4485095
9975822
5979425
1626065
732143
6727485
9843584
5514039
7908946
7029387
8018004
3036110
8803935
6789491
1840202
8702102
2971688
8185447
3858949
6301748
654374
2058033
7290715
7512861
9952665
2253613
4349143
6127093
4907984
551458
3532387
5204050
3949452
7973004
9364117
8942951
6277250
4674237
9125382
8594678
1801506
9126054
1027619
2669513
3582776
2823758
5518977
9950203
5448672
8685535
2217879
3392789
147365
5318194
9266759
5627141
39456
1827994
8439347
7852351
8705438
3946866
6919450
7405769
7642912
2356864
8794240
6958250
9590632
7456617
3353668
6022488
8228540
1640534
1359495
2401451
8047529
9139034
3030829
6835447
96646
1942865
1654361
9616027
1744310
5377559
7048806
9282795
4175027
8907544
4378460
9233254
3932454
6163364
5476285
9598512
53016
1830643
1345226
1538102
5631999
6501126
9504493
6353872
2543284
857609
322180
4761062
662197
6568529
2691521
1339791
4025462
3798602
1317932
7070178
8231337
7912990
9227511
4920035
3079728
4929918
206556
2740870
7369851
3843924
6189113
4740350
3270772
6317379
5115848
5536141
5503413
7830156
1910005
5786839
6000141
8138845
8693452
133525
6083295
4587719
168923
2495485
778550
3479481
8635633
8434422
5490792
7774235
2900060
9818815
3483223
6815063
2464575
6806403
714845
9387225
2363040
7674524
8473435
5552779
8480986
1144405
8467610
5487289
802017
4852628
5449243
9464462
4902686
6898819
1250815
6879007
6611145
6961214
6477077
9326708
5481826
1988761
3946852
2276081
2297169
8452457
9034096
8767671
5711172
82363
1091009
6338378
152877
9174833
228016
2853334
2941844
1990071
7490039
5439833
1115706
2362920
7042557
3502400
4308361
9246205
5758910
7958935
5007881
1141579
2188966
6776838
2370774
3000503
2039559
1801056
876758
8357242
3292577
6496477
1275050
3435195
1522124
4133159
2031310
8948427
4803124
7812208
5800901
9681002
3058852
3820574
4942930
8979755
8397790
7613475
1674018
9265645
1411139
4266114
9986701
284852
4181497
5061412
1333388
3937190
4157940
272415
5993542
6269518
5909899
2525511
596542
4891329
8619009
2799534
5399497
4991475
9286071
8456580
7167048
8873548
96699
6128839
855762
6114640
9708333
4138664
7141146
7405007
4803258
7012774
7297596
7036993
4341593
6298538
6875142
6952340
2888814
9418690
8135191
6095959
5445639
5178412
2909666
2664531
4663673
6573048
2904173
9287343
2723945
6332278
5897418
1567667
4975891
6312843
1530385
9921095
5804342
5029016
9746860
3375268
5704172
4285723
7051256
6867763
4888902
8371241
6021224
6481654
3227757
7849899
2257697
3770840
3956686
2548944
512364
5329486
4595335
9973773
2135644
5561495
5034414
7125014
9760564
8546239
6593663
3061590
6516047
2344307
4776946
6840336
305850
1921790
7839185
8586809
5962907
9907588
6905833
2210593
3902630
3298514
2695810
1462932
4953936
6611968
2796425
9066363
9277079
8901295
740322
1285198
2775786
3076881
1905944
1198450
3708584
9188705
8150571
7904985
2678409
4683621
8377182
4675790
1920768
4295164
62240
4560082
6436675
8390558
9108626
2894250
4818354
7991345
5565300
130013
9755274
8470092
8471590
4917248
7583911
8689262
3495119
3965759
7897847
7090865
7042846
3607507
8711894
7933297
4185232
5426375
6275863
9467793
4501528
86458
7634567
5006936
7267374
9119212
8426276
2663721
8013048
5496552
6361751
5757298
9532621
2749183
7214421
7994009
4750079
1284426
418722
3258948
6568150
8261827
2292868
3921711
5051967
2162406
451031
9434193
5280575
859537
1194704
1262982
7533098
9956361
7645889
3537709
4261128
5171896
981256
5250628
9626541
9682057
6105217
2127510
5477243
1074181
7577387
4928118
5581888
1009388
3142625
2522185
3786260
2798910
6374651
6911331
2668170
9369457
1756191
4747299
900473
1456560
5522927
970093
5232207
6874416
2203405
6892935
6524994
91636
5523582
9862726
2183902
4118242
6753696
8429155
3938299
5673390
2283428
3651289
6632389
2128316
770023
2293280
3875026
1194035
9158864
7383508
3123223
8214514
4441336
130637
1698061
1251301
6280584
3982567
6979461
6714085
5857101
2708039
8700409
9173062
9370018
3885539
2356376
9766659
1335417
8548707
3594831
8519048
6730399
8982939
320824
9275771
1322462
3660594
502401
167036
1750312
3340347
9253791
2347617
4371416
7242391
2411074
1776103
3572030
1924260
1688586
4589260
8714682
8183035
8532435
4963736
6443042
2393156
6210156
296696
1827007
9603906
2434586
772610
720430
4698281
5549722
8924058
1363347
5701695
7470700
3105705
8251027
1663865
6671354
7463649
9849132
454161
8945464
4575732
3825351
4340460
1873080
2999784
7597183
612378
9203262
658534
8573053
2406653
522490
4675207
1643863
1274729
3022165
9507135
959831
7781072
3036380
1656035
6756439
2521666
5175795
8315936
5186433
9183463
2787757
6489933
9042273
1400905
4616396
9723774
7514011
6253090
8269882
7414845
5909748
5301477
8049010
3615013
2470738
7073495
6079602
2673693
6528940
5050574
7851366
1667200
7040060
4946384
2825793
1680583
3783279
8093207
4525482
5753174
5702860
5064411
1810314
4380421
1796386
6139233
474630
5939930
6959051
6765732
3742149
7833241
7898908
4370669
4422005
4331284
1590600
6852004
2452546
3123234
2652967
7896181
6853225
872605
1038088
4663896
6597521
8836078
8997323
7446962
2889370
8228156
498560
5138125
2305597
2217133
2983690
5188460
2261400
3733099
2066019
2608870
2976582
7911506
9619759
9654420
2478620
1964517
75215
7222574
3419156
3772009
1001037
3256011
2091944
7424598
6425366
9181468
896039
5121918
3128621
1268995
4207186
7166908
8977021
9631208
353217
4320821
1101755
4639512
9378367
7738292
2802413
1074794
8108193
448149
5564339
8920058
2168519
1393563
7586607
7828613
2749751
9938750
4805015
8640039
2905155
6477175
3683855
1553960
940007
6037441
964821
3497299
2499505
3607082
1352638
756775
5434269
188995
1020724
5714507
1372209
4258683
4738668
6135419
1604223
315787
3807378
2420065
3422123
2514388
3054643
1068680
5156437
5277275
1826104
9282176
3237037
8787612
5290944
8132402
753043
2017303
3083459
9799849
130739
7684527
4203019
7549716
3919334
9684616
662305
8348603
8132613
7737435
5112011
392840
5572531
4149369
7295738
8073510
9103901
2604132
7372246
3408040
4606074
6992310
8136970
5231236
7304044
225781
8831649
665168
8921464
6623286
3452905
9416784
6378
9031814
5331774
3563138
997335
395175
5933705
6626694
4947570
6067502
9008866
8260099
4880508
1465694
220302
2095824
516611
1667755
2702685
560006
9060018
5752613
7126045
973758
5642514
5107465
1128662
1319804
7446611
5438399
3074830
3984466
5520306
1594886
6300522
7269731
6352281
1757552
6203967
332128
514273
2890166
903036
4753222
7432640
7252266
5541886
765613
3307098
3767791
792548
6512834
427227
5602582
8528186
4341595
4751981
9354957
7014223
2953451
2042501
4176292
4235346
3167661
8295222
2095061
5530827
8171394
8782858
547474
676726
1657531
3425569
9342725
6156681
4205723
904290
5743578
1482950
6678197
5902504
8944984
6409570
953579
7322470
3582654
2171393
5449958
4246277
8175553
7086486
6882162
8999761
553103
2917092
8554898
2249232
9620368
6869384
9959000
8179940
2878244
5885523
9396510
574484
4499372
9376120
4515407
5416387
3866516
3704750
9778755
7187375
6196979
385920
1532633
2810116
707914
8464662
7915988
1958462
8457919
3011150
434363
9103060
7664532
865518
3040720
2844882
3993698
4447836
8988491
8194574
1042313
1867765
4621675
3133951
1932380
2199738
8637765
8539555
7394694
6661791
2665139
9989726
1067061
6858867
1164863
2516855
4522282
9852769
6315887
2856823
1105746
3116083
268688
4363169
7055987
5494035
9670704
8504889
6361268
5066187
3026931
3948647
9822658
7640715
105371
3556182
2427697
4626340
9910626
1367661
6005016
2660356
678649
9679473
6135005
7716914
5327496
6958903
418310
4263361
5963764
9956579
4203507
35381
635450
5035727
2889462
3548273
7597499
5327701
6779314
1563482
3437832
5518103
5717473
1119700
2609867
2931044
4659427
7769156
9494225
9858528
6606131
7990819
596970
1224441
4259578
5279748
5645552
4424159
1404454
7877912
6906863
8835559
7206908
9014562
4335065
8544106
9351679
1234435
6808743
4957228
9755262
2645070
5802813
3893115
4568874
236354
5832118
7372192
797375
1510629
1797129
5889873
9525753
5270880
8224198
6107537
9846687
7040099
5994383
9434529
506733
1634375
9257553
9032707
3424620
8068059
1501250
8748400
2471899
5056715
4405635
7184107
3506307
7362248
3594164
426635
2267185
469732
6398417
2447491
5676621
7480402
4668450
3626502
8256803
6913326
991424
6726914
89272
8467704
930022
202583
4452653
7296682
2699209
3719577
7905164
9977146
7372350
4696564
5248401
8007605
5630593
496477
4722110
3813175
3240169
5672023
727203
93591
6998641
7455979
8428647
2190936
8033458
7516028
6563213
5327835
9139577
1069225
9172528
285380
4314355
5727916
4159554
6941549
5586013
2125659
4926956
6195737
4672335
2207118
5324724
7842352
5394846
8296540
2277191
9647004
4595666
979517
2303436
6606540
2064661
7233328
3168252
2603400
4927267
9682776
2448315
1505514
620003
9416839
1966255
7477950
8168138
2161373
8752679
3977253
6687618
2323166
3221354
2731544
7644405
4997377
953149
6428811
815061
5335259
2794092
9269796
5023296
2510456
2605261
5485285
1035755
8970944
1650976
357982
4769906
3798060
1037566
9323145
5378761
9558269
4895417
7886383
8077640
7498204
8208754
9647907
1735662
3009400
3778487
4990860
718123
5253374
5553369
5394050
7744778
2847692
7664476
9908650
8071181
986567
911067
649456
1307601
4660366
4232034
2245526
5944702
804049
3340210
3628099
5025019
2276247
4910506
1738962
6996338
1230921
6626350
9118884
9738524
6764731
3138950
8609510
3129245
3519441
3491709
2404845
6761079
4742051
3627474
2751346
5746905
5840509
2289118
3928097
4998363
8159092
3807116
9683825
5136776
6524629
8995534
1040284
421078
1963208
1619739
5019411
2294105
727799
2688828
2782687
5122811
6752455
5980673
6501908
7802435
8235660
7294798
998959
5268048
1174586
3349710
5261963
9635684
9510679
8981649
3646562
6996407
461964
5973732
129596
7305597
3235630
5691699
5098530
8754606
9456579
5782404
3874143
5328762
4279679
5045404
2987991
1123867
8595761
8329188
8549565
942616
9517852
4589494
3762378
2022300
6196958
7346917
6800858
3389482
2985275
6727703
5607382
2766730
4599435
615810
46059
3350194
4864300
5113427
1121531
6163491
1345824
6164120
5867339
9780921
3960928
1505396
5472899
782778
8276566
2094903
5928536
9266076
5053229
2188222
9304684
4452522
7524185
793469
4189438
909898
8999659
7832920
6213797
9437684
1633817
3914777
8911046
4890235
2411895
3585791
9390064
4823081
1689206
406752
4157638
1476599
2735251
233942
3621426
9574186
3613187
9059
4504165
8693085
4417131
6065698
5616679
4860633
4544805
2840720
1405170
5313495
6117150
9978100
2241372
6656159
8489396
7372048
3883367
6968321
6689648
5827690
9989812
3592043
3932144
3545005
2554140
3447743
2436262
6114494
4363267
4608877
9631872
9606883
2337177
9633390
9446930
8708705
1159099
2219327
481332
8418973
4762348
5487114
9677768
7538864
8871101
7230399
1467355
9028744
7072293
8216637
1179835
3271097
2501080
9248573
5693485
8262659
7241569
9117762
8729488
2776808
2524136
5917514
5102587
4330455
3603176
4755571
7533067
3559171
7497694
9395517
5424889
5999924
5229113
7528238
5456876
9493961
5520745
1566623
641753
1748940
1926063
2014828
5725759
1473556
4918580
5839090
131409
2916983
9464629
6849163
9455388
8730673
9620636
1658995
8749478
2617929
9811202
7119932
4162521
3309057
8136675
4408842
8000987
4492846
9806797
7852896
9287272
2400021
208993
4260024
6501083
8424835
6402336
1487708
5407599
5596091
2864986
8904370
9034956
277475
3303805
417805
9895772
979172
7504809
9614096
5862796
9890420
3563167
893393
6474120
9984685
4084949
5825101
9343811
5505303
5812287
3319152
4373846
8646333
2372151
6145017
7971233
8245013
3718272
6081514
7434409
6764548
4691351
9378055
5190060
1317223
9421747
5622713
7455768
9788047
8613817
7413798
5306587
9683018
7602895
7603828
8887211
7431401
9081372
8254462
1418867
8627469
9700303
6553639
6741756
9401288
9589435
1106103
7959497
6345550
5574653
1567099
1652193
3275433
1848749
8671172
1847312
3433669
4041327
1851552
8252682
4608193
2545310
9543431
1280013
2415239
1738674
6507354
8874410
3522241
4700751
985785
8848816
5775636
7024478
9602967
2406483
8249502
7470554
9283542
3102879
2604507
8350936
8614021
56694
1889914
3937735
9440663
3720231
8617012
3358696
5029868
1695554
4968051
6673247
4224835
5464167
9951063
5949191
8479305
7431514
3303611
3362899
3606803
9318021
2270803
2847497
4607323
9411373
9951416
5131477
2895469
7357589
5722327
8786586
8215463
2734464
6495428
4078191
5413581
2737957
5938189
5096270
1879866
984565
1774559
4992608
2552100
2240043
2318977
3251061
9386907
8852374
8788770
813041
788250
344971
7498178
5538395
9232677
7385675
7415918
6758257
6400923
8157228
1971081
3441262
1919589
8894872
5224528
7313286
2653922
5187952
4555736
9525886
7342772
9111874
3630579
7517598
9027620
4459564
6239369
4230806
3338861
4093701
3076130
9745771
4507630
953487
1420625
6161850
9504554
1359765
8260223
790432
4967383
4955115
8326288
8910182
7063227
4686879
161818
1336971
3857467
5227644
2749279
1392487
2823971
3217717
5931666
9583825
4319865
285311
4777697
3486328
6742790
1389808
4824671
6720461
7056772
9921161
445546
3073965
1690956
9281763
572117
7194775
5083986
9041530
5749124
2503964
5417707
6614282
3453510
5513714
7528069
3181330
1963098
744623
1994016
6104869
13075
6500567
41211
3104602
6057390
7235229
6056909
2047130
4975164
7796649
2625518
8286968
3432721
6922588
4726250
7175942
9274226
1759561
2893944
1195781
7962576
7362778
4236743
3515422
9198367
6594731
1885833
1133834
7034649
4608271
6049749
3467014
8322681
3865997
3501858
9133164
6131442
9499425
9695703
6392216
2445831
2405520
8437152
3627261
4041688
9403152
2822858
5129869
4547081
4790758
8516155
3947016
8701448
1333412
8807110
7240644
3704351
6722254
5583799
4781354
547931
1021164
1808505
4848444
3373712
4428925
7305133
5535263
6621189
3577777
3317182
7681914
3859566
2327921
3870732
8091232
8756459
3272020
4882863
4549778
6502835
1122043
6051893
4506008
6645151
6601866
3176991
4150531
1588654
771354
9255654
3069471
2608924
2027456
8872524
5164639
1555184
5564731
8187694
332626
6361245
1859451
4288510
9463216
5310010
324224
4980777
594376
1301448
4102428
9153822
3569976
1010396
1887647
9836134
2689029
813527
9901853
9005040
5541488
2487090
6363149
8870674
6341848
6478210
9726384
1202313
6377686
2019812
7502410
377643
5691659
3504178
6766548
8988717
3917081
8424282
8065027
6483082
2690149
598126
9511510
1692424
1003634
4612627
301227
1857543
116312
6792199
6646376
5685364
5606757
6939104
5813582
9433274
4778915
2402952
2168939
5598346
5955612
5861231
2951881
3821876
4107286
6175448
2973230
6611777
1994190
8362740
6685543
9753977
3687109
5686
6066666
6138038
7962326
4033704
6583902
1232810
2386377
8600147
3005331
9028356
3623908
3624961
6245501
7085616
2937506
4733857
534957
9437256
5515830
3823344
692545
5762077
6669440
2312359
3547205
3637443
9418839
1992361
4190654
6906550
8804661
257153
1852129
3732726
1517069
659406
9575108
5793549
4220977
9781253
80489
9330162
6504410
823996
7960135
5561523
8516644
2100869
5437343
4836652
3315763
6898447
2289892
784905
7050697
4663983
5638981
1598164
8646427
8854671
8317691
2349697
7878683
2927260
3565166
5393358
6976383
4742409
4545762
9705751
3687485
9725995
3747855
8159469
3019935
8527678
8390470
1149277
2504136
2712955
9308279
3292085
9507012
630089
2542745
5076491
2669610
8639758
5324399
2507292
634651
9003088
8946184
2849156
541643
4938244
9550051
4600566
3644363
7390520
7973968
2147623
4021184
5865537
8769226
9339958
7912385
4385600
3786126
4926437
715705
8143796
8409801
6953769
5507393
5189989
8168734
6575997
1864650
3286158
8886414
5833822
3784648
8719427
7984174
594339
2965627
4844593
2148812
5334462
4915798
8085121
4088369
470293
6068834
3408490
904051
4056190
8330348
7019449
2172365
2536967
9260309
4511124
3762510
5632926
3227152
4410631
828185
3719024
6592141
1050722
5935126
3219309
7990417
5389787
4073014
700322
6436128
4426193
3006777
7300401
5177290
1096142
1757416
3147119
4842994
1089365
8224894
4411231
9653088
81610
5131897
3589947
7317172
9997830
9622544
924652
7388704
8272555
7270613
9533048
8353580
1803808
1738503
9766752
7091611
2651119
9993276
1889665
4981870
5727346
5099709
9204932
8079133
9322249
3172275
8386744
6131412
7151330
5977912
209960
299843
9037602
6747673
5053315
7404387
2686443
2216106
564439
3737452
1871009
9438917
2173505
7529834
7343424
1277402
9010448
1289267
7801049
1448727
6122916
5811057
5666405
395498
166706
761716
5908872
5222230
4216693
1501657
4155790
575071
2517399
3101236
6152321
5094310
1751907
5022033
6407287
3189863
6971610
5146913
740694
2093132
9541612
3872949
9602101
5261278
5236114
4894903
7568183
9163884
7855213
647839
3132684
2035402
5584676
8317081
825549
4743929
5183313
2001403
6497596
9115868
9727877
8859593
723202
7216458
4742689
4421638
20258
15077
2341044
3081065
8375254
2395746
8465576
1166455
7465322
651723
7852986
9195788
279911
8830863
1431076
6808100
4424822
7289418
814414
8908310
629806
1886360
7907789
5035075
7135472
5461291
2472886
641034
9839423
1103950
9270583
3128786
5258047
2771196
8559673
9433568
7304295
298996
3454779
875782
6442051
4226365
9945432
9673962
2047581
4645876
3459969
4169350
3993920
2750467
2481757
348420
9663216
5050647
2402659
9887964
6799800
9882029
6577438
3477016
954462
1756370
6622313
2470721
5146567
9008049
1690375
7918895
9392658
7431481
9487341
5574949
4269665
8332178
9322744
9175168
7779536
9036861
3420386
1481583
4285159
3498911
181744
6487992
2769236
5204561
8758774
2977474
1382398
7148916
801555
3079383
2007378
3858115
957935
4835721
2983644
7762343
7472728
5666094
1502640
1307408
7043917
9300586
8187413
2090623
4265935
3506558
602670
1940331
87722
1807193
1289777
2132437
9374679
3504849
2431258
9996670
7978750
6783858
268490
7156356
2985072
3496201
1660684
3670281
8387025
7840975
9401286
457109
2629950
5212131
247516
9307692
6057515
6049201
2454095
9234433
5224342
6291606
7658279
4719913
8458458
4655118
105476
2257959
2643202
2910374
1066819
2648857
9341249
1622971
5058810
8273540
9056537
3051892
3536915
347563
3086001
1201489
6756193
6347574
3006891
4358333
9503090
9518159
1989258
6896588
8772508
3111573
7565028
771193
6805875
5132731
9728430
2509155
9644209
9307301
9099432
325472
7600590
5234080
1623576
6967345
6290824
9825505
4235423
4994145
2661633
243333
257724
9797729
9734108
2083646
3845605
1772901
2718115
7000562
1073266
6004554
4176596
2519691
6461917
580962
6063149
6086965
1236448
3728790
1606464
7656057
506848
6872037
5477950
7963965
4993242
6315653
8699561
2796307
676283
7205790
8019316
7384083
8657226
7452504
858199
6671854
7619256
300233
2958157
3254551
5530542
7272524
4833333
9685123
5735809
6580570
9520599
9662425
1190576
8928973
6587861
2912751
6027663
7818643
4418584
1086145
9262180
843804
5872770
6857720
673313
4744354
2094850
991926
1291665
3670960
3578825
6067542
7871463
6164086
6526930
7185412
2136425
9088507
6279025
2389399
951291
870934
7285970
2127178
6992037
5274012
2736595
3438422
3922323
2460190
8326344
2457247
9357129
3283513
4084690
3287021
1979291
1778653
5346902
7422432
6114324
9708024
1894430
4895628
8502733
805626
7579499
1262741
6940865
4228883
4630698
9389405
5175464
2264918
68232
5167302
4438611
1416583
1367445
9355333
6226702
2395541
8856519
3676943
2600109
6381209
5948626
9219981
3040396
3203749
8882179
1219567
9393732
2707364
6304032
3119429
8433131
6515186
5067996
888440
3067852
2920564
1839637
6128943
7274081
5775447
4799798
5375509
7230013
754197
4832184
5955715
3802039
3539910
4322657
5964754
5179314
3221282
6723435
1013834
5234558
8857661
4494347
8465209
6985111
7693541
8411298
1605783
9033269
6483559
9314998
9660163
2735194
7968439
6777509
7338103
8175012
9101782
5829665
3765908
8400192
9879615
9425007
3696692
9377759
6403822
1882895
5208051
7126503
6740317
1058608
9074818
2913941
1670461
4424816
8661283
888503
6944834
2296257
7125244
9835475
1227619
1185374
1007180
9488647
4315143
4676986
5340523
6632381
5938502
7350112
3089865
3045744
4093334
6525861
1528612
339040
7215065
70239
2301116
9681052
6553339
6321745
5122917
9107389
8649842
102876
9011381
2790270
2524807
8032218
8791227
4390387
2875763
4225325
2791031
1810363
9962987
6978608
77105
4361425
8062298
5498043
3921825
3465046
8361009
6174023
2232433
9099283
8452137
3645582
3457804
9358650
5389948
4293031
3751684
4641625
47686
4296821
1597197
655007
9796217
428718
8745390
8254337
9655820
4072664
6207973
9730480
1055348
3251962
8189845
3895420
8971735
2914864
1556283
5313093
5534265
9500686
4143618
5660333
9992084
8943576
3949575
9406811
987301
3221570
9704341
1004316
5305584
86302
3517752
4012234
2099651
254929
9864548
1120007
4898910
3508438
2250080
2832932
8757500
6649263
69998
9892405
3929562
2260459
4457387
2256204
3544524
4157516
3025986
8324041
299443
6120619
7152024
5089611
1092703
8929433
5002041
7670849
4807830
1037921
945829
1380854
2934165
4824172
4364596
1766065
5341990
4221399
1942372
1100087
7266941
2864750
4073874
41413
1580295
1900299
7027319
3572152
1819657
7990191
7374188
1431168
7616015
6320884
4843287
928690
4715141
3361039
758552
6076694
8433005
5910061
6898630
254706
4727111
4685444
8083941
1028233
6621011
4387947
1588457
4197608
504271
7456090
1411825
4474393
2757100
9985609
1943683
5217711
1970165
7375192
3560764
940778
27960
1244355
3807568
2327858
7841917
9749057
7637157
582193
5290474
3346412
4925656
2588284
7736368
5038129
7870294
454855
4614673
8837983
4893947
426327
5115389
6415494
3291315
9783790
3733250
9578926
1185658
3067956
7752954
316075
9471093
9659648
979813
4610448
8968580
9093622
3658208
222330
7377321
406139
6969623
3155640
4787226
83941
1492409
5133247
8278918
5240807
729853
487142
8650252
8729622
8216534
8847103
8337079
4611188
6628191
702762
358100
2675199
6356827
3646725
867525
4342257
2433730
1075189
1178798
4023903
4218270
2961567
885780
7093148
947528
7654333
7397529
7404649
1327892
6617974
2077248
9248736
553442
6571725
9675451
9910317
6344602
9896
8995478
2352505
8991973
7697375
4175966
5008515
7887095
8309402
2698979
2406066
2699354
640908
8169595
8212890
6184615
3091878
1386962
4255469
9245544
7313239
2956782
1474977
1167230
847075
1619610
2453468
1846854
85895
6472125
9813334
5175602
8647095
2926532
2673113
9326802
1650168
9330690
975743
3327436
5287830
4489997
6215491
3898430
4672405
7269283
9673700
6524123
48742
4930928
8929190
4837079
5921403
7763488
9638592
366943
5953495
3499857
7066496
4765944
3834136
9371069
4279344
3026323
131518
3186977
4086407
6658438
5466831
568236
509447
5648654
6736698
7802475
3165538
2312994
171142
827937
840015
9488706
3072800
4961713
1347272
7421389
6294253
880952
7671252
9010949
9862483
8405727
6649893
2081181
1074983
7299918
8026994
9522857
9465404
233623
1673909
119039
282849
1728431
737511
9660546
7124667
2070236
4983831
6948917
5294873
7631500
5996088
9889673
7459047
3724679
1212712
6059277
1454328
9147236
4962388
9565409
142290
3308819
1810660
8019926
407826
8468472
1189939
8803553
7032533
8030521
8033849
4605535
1152506
4854128
6827078
1174627
3600036
8139216
3853739
2123746
6478912
6525334
5635443
6194360
8356494
2361169
9953380
2934599
979031
8277550
87506
1789555
5780383
7194673
7162052
9239600
9658171
3794169
5012382
7674084
6426614
6768921
5914238
231455
2002057
2481619
2168170
7071229
9087983
3440880
4226686
4408598
9798783
6090732
1363751
1923469
3294204
2478253
2253328
4940100
7734982
858482
9621576
8137251
4739860
6337880
9922127
6895587
4918054
8730154
1751331
6335132
8666541
8787273
2054245
9144629
1293958
6993229
2742257
3203406
8171199
3773495
8703829
5925842
9059587
4541053
777518
4605454
4531034
6516894
3586821
4664626
6908592
990678
8630744
3770161
4737244
9004078
8640778
450425
535439
7920182
4315742
7707542
6198468
6914928
2106660
6429122
2973211
5807038
7493863
7413470
9750667
9665469
5250331
8077797
1314068
8172497
870971
6841693
8285552
4822332
105761
2452979
3109139
7050139
5018329
3507984
5501566
2804073
5071554
3409531
7427422
6459396
6027676
2745977
2042721
5777361
7768983
7965752
2821339
8983964
2905811
1354421
7212980
3138275
3729216
8020769
7199145
5017556
323599
8535189
133274
5630622
6341478
8977494
2215869
6253073
2230296
393464
5493370
3027297
8189790
3059079
2802969
9988515
8156582
7947806
1179318
7544234
3610067
7734123
5972473
7372940
6034054
5820063
8408360
8479268
2162401
7382192
7048605
9535120
5441800
4064292
946964
8838570
7236255
1391954
8906272
3902204
1692690
1044185
5346015
1684516
6802221
4646890
733697
1524431
8939954
2151727
6981843
8008620
3178889
8185076
7589291
9435976
9459271
2515617
9673055
6651542
5604119
7677366
6644457
9559822
2028020
1701482
6474849
5481015
4680610
5649270
8813263
1754299
507164
5756012
4771111
5477877
7799103
5703084
9993260
2791395
9192861
4630923
4377800
4221337
7887911
4328492
1212772
6375217
5192741
2184527
3166328
8414328
1000807
23797
9084842
4259597
7574455
5537818
3501111
6905702
1678679
5790212
3421142
4604214
4444384
2715931
1564338
5101455
9866364
3398641
5517312
7320801
4614183
9101115
2986154
7854094
5376062
9276795
9812313
6960816
4978531
2311279
8305979
348917
9828482
8416433
725978
730744
8078541
488043
5930149
9738358
8721990
7588491
5879979
6718345
415167
6344095
878093
7974809
597309
9879793
6102732
1979367
5001856
4952332
6932883
1261774
1871435
1764482
103046
2988212
5686045
7151861
7140871
2706951
5619746
4237357
4238325
5021831
3312159
3707373
7617012
8489625
8026468
224364
4869668
2963367
5695940
3769908
697801
3597265
980450
2883738
5503052
2585654
6760704
1847172
6319102
8833606
4321783
3815229
2588818
969583
5457798
3757145
6012730
7461426
4481290
6638455
9168405
7498733
1054573
8971409
3635077
1080983
5974907
8867491
1016712
5773574
9652434
839212
4647506
5294025
4245897
5595296
1155821
7899501
4838085
3426060
3793925
571082
4517553
867117
2114449
202497
775458
6664568
6850685
9440736
1980654
3228389
980278
640220
1235676
7795509
6193671
9879735
2395887
8191050
7957122
1810112
9339415
7377923
6092489
4830459
5455376
1198483
4484165
2450319
4760058
9705207
8185700
9617383
3327087
2809153
9761502
4878450
3342725
3949261
1367668
576114
3334745
4252299
8716689
7716459
1900528
6255405
6809328
9624180
2072592
5547754
851414
5422661
733161
6623946
6645885
9001170
5946983
7812290
5133981
6659256
1331961
4954908
7562960
3578426
3927025
503167
7678614
7494660
4360278
2860459
4676121
4584375
1157346
2928026
4066744
4117917
5682206
4762776
2603914
5137050
9544765
3996354
4001593
2279632
6119136
6874541
506604
1785139
4588168
2505526
4473498
5476932
6755322
8942030
5863867
9070037
9667384
6554891
6181444
6570683
8234774
4023875
9166339
9877582
3209424
1099064
8776384
5456181
3975718
1323657
2394107
2456147
4076272
5968902
4467388
4717989
4554052
6870202
2269424
7448726
7741889
9645451
2226050
4347643
6255182
504307
5336017
5930243
8925795
3917485
2629422
9223238
7456448
8379715
3496196
6895188
6349060
140710
7207068
7792555
5375631
37842
8587520
9174078
4395056
5156982
3229130
865613
7584509
1129769
7879711
4843739
6876257
7533292
4024187
5484572
6741978
162946
9444007
2966677
8748017
8682627
609019
9238527
3276994
3051989
1470372
560195
1651089
3972223
2714159
3809443
5917611
7029982
5597655
2128551
6809817
6447925
1177786
2708993
7018922
3781233
4989519
500097
3154359
77010
1040430
3461357
3413774
1804698
4846719
6530763
9216996
1510692
4543041
2077643
4597615
9735725
4333801
5408255
2550555
1693712
9587116
7994421
5328587
7754813
6808974
3249523
8337574
5007275
6393160
1979040
1655374
1017106
9974571
2137697
5216886
1760853
2860723
7227772
5383000
6243940
8536511
8628610
2518360
1003099
5831446
4873504
6446936
2733126
5366640
2183896
2089923
423063
4000594
2291548
819458
1292320
4359483
5987609
7480043
7411388
6421228
3772693
936310
184835
196625
9141591
9891834
9578164
5515224
8607576
9779435
8776127
8607333
33477
536173
6898937
2341358
6185289
4599082
3530798
2015550
8270579
5947145
6457758
6688301
6877746
6977184
8926107
967439
2194590
4189848
1395434
9296919
2868500
5920469
5123171
9363914
7757156
5802207
6244130
1448218
2005342
7110920
4124570
4667120
5604613
7886048
9865422
1982261
2755398
1862147
1149262
9387987
6815555
6998451
5858848
8516670
5339687
6184677
8434634
7019526
4843222
5749537
7964571
6115894
2526932
4588843
8301265
6862829
9159528
1999676
6409619
1082935
2537571
67181
5172078
6489886
426444
6256204
7630784
359119
9203662
3007420
4024261
5334671
1452669
1808488
9198601
1001840
5057506
7776257
9555130
8914075
8823793
2802458
4630932
9574922
3171357
7079250
281774
6325443
752898
6192043
1700942
809466
578889
1567337
3452049
5623042
61996
6522293
9250434
8122666
9194507
3606355
6324010
6776616
7770758
1119325
3130015
7378376
5872025
1102847
9095423
6664929
1265677
1518125
6498491
124299
2170208
3187222
890336
426782
6603825
5862197
6322474
9545808
6011652
39980
3596442
2093450
1514656
7108052
3101492
9525668
2350213
8832204
6331857
897904
5161432
4097309
2316655
3843580
2003314
2847166
1782242
9955085
7473664
8681413
7321609
9224087
3742967
7584407
8720364
1798578
3897851
185445
7594111
2378675
6514881
7231887
2398755
9158821
8992411
7505710
778475
9759550
8367880
6639468
5070030
5575752
8419853
2459864
8340237
587594
3426861
9926002
493913
1849247
5939067
6193786
628422
2061661
5620762
2967306
9459215
4870629
4152994
2004998
8374342
6691842
3414629
1011897
6907939
4917715
6801320
5108424
5627138
4327140
8917330
2386525
7438774
3555022
7112864
9997500
8770327
4306233
8603085
4744789
4453173
6863307
9405761
1006231
7169585
5942170
8916116
1020719
4415058
397326
4823580
1911450
911587
9644386
9074990
9127733
4367567
3571098
9223823
1388944
4402340
9317983
7708213
9059329
3496229
797323
1769276
8194696
9398747
2162263
126516
3943234
2807632
6550758
3381904
7676611
2123592
7371371
3279961
4397800
8812272
8296368
2204733
2148694
7694701
5975197
379358
8290115
2129303
7152994
7429659
7881162
438123
5639180
3958553
9318103
3943011
6579995
1986581
5271166
5364548
2552843
9643119
8978213
2615739
786125
6603550
4343210
7813525
1863857
3623904
2179700
2586622
3028676
3298462
9876301
4296435
7002404
985350
4276163
8193364
4134755
2166963
499172
9713645
3384674
7268538
7636578
2545893
7246822
2438774
6865149
3031652
8932971
1045700
6787244
2878822
1862575
7931390
731438
2664398
7965559
3738051
4735984
2185231
1241445
9442970
9203353
197027
6995588
8296375
1713876
4004361
6136040
903071
8861167
3785130
2967153
9886932
6766560
8412338
8295981
7013794
3532847
1146366
1321729
2085964
6814198
2105512
4621330
247442
4814056
5874683
4787473
8939897
703492
5836067
4099290
3387700
4740413
6144240
8428936
6672435
6237929
2966545
3794762
2766982
1294753
6987083
7452294
6864262
4276881
3662290
8963831
6023647
5003263
2423848
3228046
3981246
5519141
3314157
1306203
5513655
6886285
9702170
1566369
3897384
2312948
5216365
5763996
4746302
3933267
798717
7149634
5996369
241601
1424992
9889068
3082331
8512964
7934332
7665415
6574888
3110053
5814214
27245
6672680
4901951
3207608
2523669
4452700
735704
4793441
8142716
2319285
6067624
6625279
1639392
7717714
1677351
5374472
6258503
7281852
4624410
2917722
1863879
6174874
1325777
6263503
139240
4373788
7919580
8906155
3824984
2393116
6374381
9597903
6562358
9023821
1360567
8551452
2201279
8941715
5678134
266065
1754847
3740722
5702309
6242815
179028
5934095
1433303
8311529
5179326
7824375
6186828
444330
3829908
967603
4333230
1714179
7051482
61794
6515709
7730832
5166412
7530127
6475694
7095279
7606159
4335444
6909211
3895460
4581835
3605972
6821169
6790517
1402503
7737523
3630080
5894203
7166262
6817521
4596289
6890891
9428205
362807
2174285
8163858
2137657
7791343
4987830
7509184
2581482
1244859
1877240
1915322
5409372
6548867
3754627
8465913
7845046
5955219
8267821
5563042
8101554
7507977
9960570
1057529
87081
1708542
120526
9895274
4752087
3300668
4261158
2222959
7286841
8452130
3462588
9384169
4743815
6294313
1085321
5524899
9083912
7423880
5060589
8529795
8476886
7054889
7286397
3739047
8807632
3825348
875850
8910034
3066582
1378688
5648938
5977504
9921983
2905356
5429985
5322434
1275196
2936609
8850687
6931576
5898569
9875291
7210258
3304582
9801209
8976466
531184
2878572
9992687
1329917
3837172
358515
7189706
8880381
598239
7401537
5815295
4003935
7933364
9428264
9924623
785998
1991892
1496744
9501421
1530805
9900184
4932219
1901040
7804296
4068020
225005
9681019
3599974
3259036
2504280
9940969
8756382
8042897
7102902
1753697
8630969
4844990
849286
2571680
973988
717467
5057001
9969357
7182010
3952611
5236351
3719894
1071474
4171760
7056648
5708606
1113400
825522
6135763
8688192
4769990
9894138
9274517
5129839
7515518
8686355
6128246
3842205
5429536
5639018
8391066
528818
1957067
4940388
1320392
3472982
5743073
9578620
2195062
3734320
492492
7755684
9459940
7249093
7874900
8156901
2524196
5108217
8243651
2739262
2136184
3196388
1928058
4495751
8217233
3003690
9601273
5321492
960414
8332222
596800
6319682
3794520
7808150
1142861
6382243
9771548
3933720
8593262
132146
9149033
8098396
3835065
6992258
5108095
4139554
1601302
4072520
5599596
688933
5843223
1545004
109690
8201009
8581305
7030696
5854709
2665364
8817412
7262556
9931274
6440239
183306
8581021
7623858
7762869
1166671
8812110
716765
7340605
4086770
4638673
282369
939517
3375044
7269800
8096462
3924197
4317977
3598874
2749725
6414745
9646890
8768734
2619879
32647
2877640
1080777
2677108
9583221
2781162
3164509
6176424
7353960
7835644
8734123
7011920
6207682
1465934
871004
7507759
6135296
7328231
3906827
5152648
687477
8213326
6452036
3002329
2941878
3103638
4539797
5229233
58601
1765843
1713447
388791
1291830
1292032
3030298
1168660
4930737
5845599
5027659
8499238
7539318
1244099
2133916
8504537
3193881
8910339
86463
520432
3148704
8402485
457326
5578979
9731055
3111856
2449302
999770
5889146
4757178
9519391
6043340
1799224
5676322
3400919
6668955
9662648
6979853
2233781
2004539
677227
695039
8179156
3251918
4971828
8589326
7357701
8427178
2269090
3479115
1708074
4137981
6685271
5217044
1475486
3746363
42481
1083515
568586
9508491
5836793
1700016
3448652
2030531
8785842
3627174
8985331
4449129
210197
2887366
4828857
4905580
4971450
7126685
9941820
1330920
762749
2150178
5903097
5291155
3335366
1855897
1726517
6343892
632636
335415
7988532
8920085
9126219
5410856
132768
3341623
7212416
2112142
8043026
260744
1559204
557943
1828813
2488067
2154176
3411391
1277461
2913413
5339887
3120843
4170274
9318478
4955002
654099
9834184
3412565
8474579
2700938
4450761
3872925
2578535
7250331
256982
9248216
3333721
8688060
6733241
979612
9137155
5640914
9825851
5382846
7025622
3158319
7837639
9824511
3076519
6391925
7337263
3341982
7093193
2718865
1263490
9097170
2982410
8630773
8120886
8019624
2855943
4375105
1749360
2119748
5122538
6864238
4339121
5163304
6305648
2104805
9288935
335682
1299041
6937120
2777333
2736606
99199
7605007
2047089
1132215
5799201
2206434
5752066
9161278
625633
3776281
2097206
3758430
4569027
9573372
2041319
9871414
815311
1494957
4332036
7328402
427505
6195469
8480055
3015849
1812409
3371915
5102364
8154155
6246996
1091683
6346306
4893745
7266360
9166623
1040900
1959468
7680499
6568435
3613661
695960
5400482
9761840
769407
6157224
958013
9386494
9705625
2801023
5920387
3574174
7318358
5403364
7804819
704401
7271640
2677996
2347655
4854471
499694
1686300
5218116
7038584
2907858
3375001
9574837
8997074
4219766
1070807
7620047
120856
3518616
121080
2840899
6506116
703850
3924573
2720104
7148318
2080762
2665816
1162906
6207401
700398
9892366
3775381
7372297
9937725
54226
9301979
7853947
4883095
6328434
5949061
8118505
4677148
7572361
890338
7150414
883027
6217118
5150084
3314003
4626520
3975390
8279039
3889750
9812329
786989
7051535
2948920
9085071
7495143
6671837
8561809
7649032
5644182
9958901
395631
7867878
5445424
611568
681175
7363407
6797190
163011
9013348
2846455
7415503
3719613
4864690
5523463
2125065
4478204
2920417
7918276
7500230
4732183
8227179
7023651
798759
2755347
7886981
930632
9607067
7078060
9337768
6992658
1192969
8859043
9855693
4131923
190695
6128193
9363957
6059261
4874221
2220535
6066600
6470809
8097554
5171275
5440514
7497720
5506496
9104484
9621569
5689426
7541116
3305792
9336713
8814696
1961363
2948623
6396065
9017697
5483743
122162
8113767
6069970
2565255
2791169
1257839
3487237
4147526
2793529
616808
4718484
3276232
8031937
9199179
8840155
4961821
9035103
8773667
543286
6953092
9692735
7074922
3898384
1423301
3951397
6763279
5858244
92811
637610
8843758
3259474
598872
8692546
6498375
651861
6974920
6910035
7450404
3600289
626887
7994144
8314694
794992
9056259
6159200
6701464
3475478
7961323
4707431
1472657
7327742
3232495
8966910
7432106
4862081
7929621
2821584
2478992
6392873
3588285
4702905
5160666
4359881
5593989
4485318
8084736
9277799
2654783
3154829
9839520
7375001
614406
1585675
5200534
1198743
4326151
1596639
5795946
8286302
5016966
1385678
9277754
9003952
2631236
7140059
2429997
7615137
8243492
4949648
2775335
7053080
4844632
2056559
198689
3496549
7968123
354533
4087975
9242483
596048
3285188
134299
437025
3198407
5368434
5110323
5476890
3247736
2961870
5821705
3247963
3312126
3936058
9859835
9041731
9735538
9901864
4056507
1451621
7341746
7929924
4509223
7885458
4808224
981358
822906
2220061
6915261
2245197
1447403
8092027
2460456
5692339
779421
1280586
9529487
2644510
3484569
5564678
3283240
9761460
2530005
5995124
9978025
4111836
6554827
1456428
997287
1603969
3582719
7785471
5520893
1065262
4788695
8440936
9970249
9486445
2613225
8500685
8743719
3386347
1288604
7164222
3746694
3146559
3721562
7886238
6150360
7849482
9354285
3487162
509158
7032258
3109208
3934269
1051114
6492504
540335
1006488
123192
8248297
6171782
9664307
801817
8127915
3280055
9894234
4771406
3642150
2902435
9560771
867821
5853351
7357551
7382894
5291947
7662957
9215025
7568980
3612241
6516229
9586375
960628
9363859
7109318
4556159
7408027
2352479
9960915
758187
4647049
2202048
3849590
4563934
9927695
667584
6392586
506555
678146
4348182
2527540
5133373
6742323
5101005
6224646
4053043
6616210
5720141
8369708
570061
5972656
4833089
1103776
9872514
7439706
9002871
5398669
4889975
9832675
5223542
234427
6619812
5924010
320755
7799936
9345906
6069410
7733419
3295083
7543916
3242858
5283237
9089261
5742561
260037
2642023
9348417
7162171
948876
9581133
5966857
348381
3776051
3850623
1854439
2812872
1846363
6899389
4381247
5786305
2474759
5282721
2872224
9043955
2373134
5466129
6690482
1129094
8430670
1488117
3297428
9083064
7627228
6556498
3561421
9414451
104814
3907408
6019233
848452
1178621
1913110
1405264
1848864
6705156
1569732
3472047
3982768
8152093
8000663
3457107
5724464
2315297
7679076
6796496
9504088
3387205
229252
8002361
2036931
9320033
5654302
9620167
7831159
2022587
8038418
2065898
4939964
7818726
2250467
1396208
3992020
6581747
141703
1653412
9459473
163062
6167548
8767726
6859434
5401105
3027142
3345435
1042522
453101
5450721
8602812
4425141
8908975
3162859
9282789
1792257
760421
9428783
3401618
381582
4425490
3266158
6330049
2966015
5851537
3060286
4416210
5345589
5432884
7502795
9641093
6939170
6512379
8336909
1303095
2885911
5673141
9492354
1312302
1317459
8634867
565267
4336547
4501976
65726
6640066
3533209
7637743
9720683
4881242
9864915
8967829
1045322
6165951
999444
1387962
8782835
5593402
7710379
8173249
9978194
9351565
402213
7693751
7175885
4235883
5761398
7163308
101569
5164753
7839587
8720900
8827113
4032634
9527975
9938709
3895461
9640881
6365789
6611734
6942008
5679356
4767039
7770415
5467549
9674614
4581199
5687136
2566792
2784851
2235136
133262
5896104
922019
9357334
2580835
7437726
523123
2945333
167523
7230735
9123653
3549270
8754540
9305382
7136936
8407343
9326161
7249741
3320716
6681432
7518482
7011045
4216958
5881327
4122780
5507024
5864312
6151354
8076728
3233195
1067638
3965247
4515910
2741876
7267769
2619392
92592
9419405
333970
8896754
2889684
8582140
9068920
741100
5731611
503202
1372657
5241232
3225769
453011
8781896
8736349
3481407
8235354
983174
9863434
1081093
2075679
5200773
423026
534133
5550263
8389081
4241550
9015611
2780088
2175766
7779182
1503745
6432295
8087304
9977795
9787319
8816121
1884933
4123799
7318122
6374230
4450369
2028040
798207
8695158
527212
4950851
2493530
5188645
8053715
4133416
9322857
2684632
9035772
1136459
3162533
4694499
3539414
9241528
7030899
2668978
4814637
4052575
8375859
9683594
6618438
1965978
3325069
6265291
415486
3663051
8696814
5761467
3346187
5673612
1464969
2119712
6895627
2732695
7583139
3167631
2175781
1487214
6374321
8836577
3498137
8931846
8808047
5784007
2590490
2357655
6628188
9731167
2462320
8892739
5902652
8405729
4602947
1285818
1702810
2133631
5981160
6234978
2134112
1037731
8979838
9520352
9452209
4906822
8036204
8048974
1393285
2071901
3262166
9660445
6965403
8664061
9427480
8568867
1201296
4635333
2237359
3277887
2206931
9832598
6875495
1459897
1254129
2260818
9756965
3855637
3404742
8911844
5975246
5094262
4929198
6957148
4731138
3136497
1348846
4875408
3494157
2161230
2379847
426786
5416277
1540575
2598820
7997103
7289836
8832503
4696393
836888
9806873
7434503
5615692
7653714
9806653
1255296
9548226
1246540
1063946
9119471
2680126
146558
4265479
9209170
4349146
8642088
4933186
8379440
7591364
3076512
1059162
3591034
3302288
6081479
7361937
8177364
5506591
1418257
5351628
3889008
3852820
8155251
4837747
488182
6132560
3593309
4583346
7335629
5919087
8947611
9983911
1090613
4888754
2024123
2454016
6222253
7630974
9911751
9522728
1643611
843042
2038452
7259012
6984044
2724681
6281141
7462665
9153572
8061347
7714367
1629319
2077371
9536858
1982519
6810737
2849174
5289246
1779276
7221878
1649493
8290566
5118299
4182497
8677462
9632400
2819405
5458774
9511363
7357177
1015490
8831385
6633978
2943386
437801
4463260
5801946
2566851
5000017
5516184
9146888
2085881
4218330
5894649
4495095
9222837
8559365
4193163
1654114
6902990
4661738
8896482
6094642
6935290
6928136
4529901
3755015
5744897
4369355
5457753
332414
1868324
7071795
7067993
7606089
8394126
9869919
3703405
5812703
5753424
965162
5550734
1208845
6248023
2906228
4547800
9968216
6568655
3822625
9448537
5573490
3577607
6066820
7497039
8793523
8402623
7613728
997907
21763
9807102
8695392
6417656
7389899
9056013
3625605
1466852
6652794
6148142
5800803
6620306
5474470
5785450
9020240
2096979
8939765
4379622
2178282
5902344
5741447
8020809
6436144
8245604
2034811
170202
3362473
9076637
5363594
1078909
6803593
7649633
7570231
4958
8035686
5888143
2116225
6251997
1773443
2533645
9775379
207923
8975697
9973714
5834443
7931326
4414850
9296050
9872608
1628246
5024593
5252532
710869
1648004
5928568
9446509
1732754
4064272
9407393
731856
2027402
7129937
4214781
7735124
475276
3768738
9505128
3261063
1708309
3926680
6456854
1505676
4575628
2608700
6158017
5926848
7527188
4660000
2675454
9099008
4697837
260589
6016960
6003828
7404948
8847720
1057402
4333247
1160895
9562810
3210309
8604792
834531
2238120
6608853
9802252
1130910
1178374
5506486
1953646
6067870
2903329
9866269
9529301
1827773
4409694
472256
3006365
5132032
795333
2077139
7497637
8347391
6755951
830526
2521067
6897799
7999004
4251978
2687672
3794474
9198332
1066892
4989830
2564697
9818643
4520868
9341455
1790805
9571085
2187602
1971307
5000244
179844
4483486
658442
7934474
1338005
5082308
988577
3784432
9827020
1055180
8347941
2453872
7226217
3623265
9310798
6133020
3467325
4461050
1384685
3426847
2736067
2649939
7371497
635789
4026053
7521213
3385881
8416469
8226003
5273251
1718629
2881721
9512245
4411199
5865532
2736515
9732117
9046435
2607192
9196880
3490910
3433408
3377480
5525844
6882568
4881824
927005
7681721
9472230
456904
8240278
3752817
740338
6765067
5078032
1706410
3746742
5946772
5154696
3711245
7571841
462894
2206250
3119151
7514244
8456436
6934331
2760449
5347924
4130928
2613565
809440
4757681
5702957
4222316
887107
5935117
2579144
2431426
5096495
4495852
8964253
4645213
9385019
9688050
9963031
9352343
6810235
8013471
6474004
9417401
8933724
8980068
8298374
249261
2447123
9814769
5535692
8227872
6786765
5434040
2055635
4222673
1770920
114595
5186541
8893206
7432842
6089311
9272613
8711186
6590883
6926264
2855165
8805163
6021640
387318
7445977
8938778
3359081
6489408
7066589
1025641
6418980
443789
7056973
9540314
2850177
622405
3546907
6570414
3248019
4719983
9725110
7447829
7227960
1402341
3788299
1833655
3660479
4730135
8485484
9450270
9574496
915291
5781457
4171590
9555479
2461213
759708
2563583
6615083
2129707
7349650
9994009
5788800
3178208
4879732
3748238
2335265
1666825
9842055
469437
1525135
6222726
8098048
5561345
7690518
1760074
5361266
7923208
8767687
2261850
2348922
8212315
3074680
5314090
2009605
501046
5252006
824944
4316901
4251108
4370290
7632218
9778773
971807
6136517
9422792
1443695
4337059
6690699
4033022
6167998
1228633
9391366
4545066
4949156
3366869
6347130
3836287
7393970
1254716
9050114
8305784
2768409
4277178
5351202
1965495
9599509
6837298
9388710
1286377
4120664
4094918
1244058
7143675
964527
2148239
2804701
768008
5919126
4456155
1956513
5681089
5528857
7198476
2676630
459862
2531191
9335720
8510044
861281
4529955
383991
3151144
7646838
989614
7804091
8879278
6697517
6787738
2705973
5291511
3008722
8351018
3287386
1689166
9259231
8734083
8960424
9707335
4524069
7633328
2634298
4087335
4488129
6661996
5348695
9030331
8280800
8758241
2911247
3320864
9945984
7752558
1459459
3197389
6944499
5148301
9173408
6224133
3206876
409597
7648314
8522191
1892685
3534130
8198505
9147791
6941845
2773456
6241187
9454734
5338607
3770854
7896607
1770479
6549320
8075365
2878522
824883
8462453
1685503
5365568
9968600
5502856
4398901
9841503
277117
5735444
9006045
1687501
4352615
8688491
8820672
3703677
9382205
9747238
5012018
5014504
1478599
1447728
9380702
2840616
1275307
3322927
3396886
2578664
355078
7541932
8842188
2984882
2500833
9347991
4811077
5120589
3617328
4075222
4054119
5057613
6200378
4809826
3916134
2136287
5052785
7322990
9527862
8894828
7929577
4061342
1411106
7091719
5189918
5935852
8866064
8768115
2669429
1077517
3251284
7155043
6034281
5214215
3238913
8552351
6425728
5254244
6298857
9614791
168623
6266395
2394894
64353
482051
7863073
7072869
2225143
6869285
9654414
6066083
6588835
9473501
4188203
4502399
6017450
6871558
7526804
7264643
8803982
6767872
9824153
7681767
2855096
5932709
992634
2113834
8681005
8386932
1693583
2553005
9288186
8621377
6904670
3966781
3358456
387741
7342782
9221405
4143986
1617996
650435
810411
7915088
4599565
4367969
3950060
5005234
6595363
8230154
3566160
5571866
2346706
5238098
7244171
3173874
1574411
2454369
1620339
779108
4893757
7975189
318714
4725339
733528
3381949
7114530
5090306
352417
587299
3820290
8869979
5487374
3079673
8197261
8787893
9473128
5962048
2400728
7781796
2498840
8224869
8836653
5552588
1589769
2977618
5965069
5357960
7933036
9717984
2984488
8517059
6647467
8608910
6604382
2034498
1157104
4048034
954432
4111298
8784086
675789
7253254
1026912
7929532
1549638
9637215
4360565
6556965
1576195
2841779
8841542
4577028
8462186
1774996
833556
3905239
7808656
7253482
446819
2106908
1974958
4983544
8282643
6082213
7886580
5606879
6304208
3631769
887332
3154645
6782101
6576257
9266016
1103536
4335291
4475343
8650185
4540343
8605527
8024004
3907164
3342558
3595017
8554846
1265631
5059556
750462
2782948
8369587
9530774
1105956
5619493
3919812
9270214
6111887
5746888
9264824
2442548
6875677
5533739
7164332
5282999
7500158
5093634
4636317
5099634
6008080
6390118
6708491
6438897
3792992
132972
6640901
2106864
4872140
3870178
2945855
3728845
5185188
3330107
1294945
8513550
6931178
4243325
1062520
300786
6143003
9667438
9810974
3328130
3033112
5120849
1091257
6042029
5895314
2731548
3397949
3565250
251085
1335684
910666
6453988
9937389
3282980
6035566
5399324
1479018
9299388
2196955
7965340
1813598
6947182
6207158
1822145
9695162
8151546
7050990
4665107
3012814
8346833
4103511
4542187
1330453
4832006
9858011
2256982
7542241
3084200
9879464
3078996
5954656
1714030
3401587
9266101
1935800
4417456
2081926
3875292
9133066
9231695
8113013
2275241
3128597
99289
610445
2350318
1837006
3846260
1497497
2873420
8577963
1236485
1297829
9754977
7832673
7860550
3900998
3118937
657484
7041223
5729265
4310292
9828310
9132246
5035042
1002172
1230840
5347456
4260380
6626259
2662618
9121034
8931037
2468704
8119262
3755236
8953664
6487929
3681210
7739466
5543077
1387513
6478518
6736533
4592063
1106682
2643508
6669230
1810532
4893453
2693117
6636955
7112187
5306152
1482194
6538842
2505503
5450578
1662698
1873072
5886560
8474929
4239492
7994584
5230161
1213517
7114578
4203419
8504306
1735035
4769236
6476648
5505628
3299783
2942370
9257782
3092478
4106313
4694033
472436
9550814
7181
2512129
4073049
4801349
4036421
6785391
1406678
5018020
3492113
3035053
233363
7860757
9303287
7081773
6225775
7559668
8009850
6497964
282247
1016344
8837989
3476679
7610246
6522504
3347989
3863672
2621011
1550044
402135
3207233
6061667
3477257
3015686
6779755
915250
354416
8411647
1553570
729319
3453709
966831
2002485
7843777
5628047
561071
9747833
9182968
6080265
8234943
2033223
4565675
6945339
6793226
4809261
1109896
1854459
6603632
4010247
4836920
2612505
6784276
1597847
329930
4687268
653435
3774090
1054087
4887372
7004428
9943228
9960379
4023970
2584676
5165598
4754852
1989748
7997895
1366328
1204954
7157344
5449331
8534678
452105
4549853
5269996
3799570
7262737
3008788
846512
1297085
905960
8595977
1846030
2876776
7668009
7998730
7689826
3040282
9677873
7552275
7478662
2609827
3975548
8930820
8205527
4872930
8694718
1810491
9842874
7237659
4027211
1579610
6872865
8059597
7098074
1958351
3238649
8504285
7914046
6510552
3653289
8882021
6375065
1383225
8981161
837216
4017044
170654
2693151
5074143
2276819
2235340
2770848
6673758
4691448
4169495
1424202
4378699
3926424
5871353
6745206
8428752
3012583
9059230
8290591
327505
3465680
6412446
3250287
6675201
9704369
8397615
8252963
4626320
3320750
8134060
4251477
1586122
3727206
4061336
7362360
2037827
2681756
9277939
2839628
3638405
7464024
8025043
31101
8516537
2933865
8653825
8363157
2826626
4604830
9391214
442389
8211183
9479678
738833
8650407
4692779
3418842
4844107
9025362
5788480
1866532
1685091
7387170
2209580
1039927
5987498
4596880
759613
136211
2032776
9131141
4950067
4284034
3202521
5439181
3525953
5235483
3598
8558465
9099728
6374390
9060186
6638433
478490
3477359
2654565
3734940
9075631
4582388
4516777
9737571
9272931
3754345
12075
6336182
6278968
4795213
9255218
891625
3199007
9679563
2762271
4180167
447313
3913056
8068802
5396664
1780521
2574808
487525
9956204
6645743
5103401
1916560
2772435
5007342
9514772
6934254
8061942
3981736
9296245
1744680
6845204
9686214
4251106
3234743
4939405
3337713
3648253
1582816
8833003
164164
6936657
5373013
1389502
280921
679403
5221366
8579008
4808804
2137098
1341577
1555555
2508166
7388859
6336813
7486082
700614
942729
2713109
5712506
5126590
5746671
8033694
6435966
4301996
2542435
4996952
3064999
6158095
4389515
5655598
874755
1046399
1982930
1496420
8416224
4236523
107065
5657911
5130550
5545302
6067934
669335
7887359
2059311
1998074
1203265
41670
671086
517696
8451889
8519552
6177476
4028259
6264374
1645037
4722336
5987452
3419791
259339
1527389
7571270
1729712
4546289
6523013
8988
2714118
9509514
7127306
6467091
8090039
3640201
9296694
4615564
5907291
7724924
6467454
9082474
6945169
2883494
2713626
9256134
7372022
4682401
9124558
3409872
5445320
9174073
8135856
4596213
44921
7171846
453
8320263
70944
6058845
5238743
6731587
3456531
6938145
8770768
6767300
6048298
541896
1219997
1312494
2595264
3539616
875621
8645520
8097705
1528710
3018956
4445827
5262747
9559180
1209942
7212016
9787540
8095587
4022581
4779015
3713212
3894981
7205630
9610670
4109806
2891465
1143224
4908081
4918845
1392610
3313116
7047943
1255190
921101
9680209
3017776
421498
7572670
2793774
3121338
1304858
3772744
3582285
758414
4947679
283841
177315
3124508
9830313
1418426
3937371
8042301
9882267
2124326
5080952
6661621
4143733
5524952
5180237
8349120
8111163
1593441
2306072
1890006
2884338
586030
537773
1610966
812906
2977776
6181985
9477826
9101605
2132053
9174241
1407949
9230276
686764
8470773
122782
3742194
7231036
5842322
8492618
9652776
4861076
6523893
2501674
5079858
7888742
29127
9944024
5019247
7237644
3324848
3494254
6840314
3463934
4182672
979634
856680
6613946
1345741
3663979
877012
32716
2758927
4136513
9452481
45935
6431704
9854789
8999469
7951420
980650
1469517
8025514
6161880
921507
4013692
4233245
4181782
8118366
4056768
181232
8795584
8380939
6616229
7506081
5928325
8626911
8780449
3938355
4834554
305065
9465659
399602
3018992
3062510
9717496
4273708
9012110
3657941
958813
6332890
1588634
5210038
7200964
3334225
4247409
3785900
7659931
2048657
2306357
169617
3475973
6972510
2415862
2632150
8475293
4140660
8548247
9132707
3935317
4014140
384765
7458404
3748904
2698194
6169393
3193795
8664267
7082095
8903862
8924626
9404743
5540724
3399830
9794185
2267099
6268249
7394762
5083316
7537166
5891022
4246208
6834626
8050927
7100405
3122980
2587914
9211089
5445375
6853861
7666680
6533591
6542464
1492725
9897412
8211480
7086254
5142212
4149544
7392663
7240807
7149173
7742339
8182598
8327260
1926070
5562775
183972
6826324
264951
4169966
4557178
783293
5240083
7612157
4379314
7176798
6937849
8601712
1456795
8746501
3062046
765860
4407900
2258717
8740227
6103230
9762140
3936244
4123870
6824167
2896835
3431842
7214496
7715202
3543425
6714413
5692893
1408675
7927448
4013685
8691281
245670
3600269
4344578
5769649
3131283
9902907
634073
1627686
5521047
8160747
3444186
9000854
1517845
3873950
895127
9761754
2880766
6154414
3366575
2357743
3253942
9561668
7925379
8539499
6640858
5182910
391121
3457064
9725631
2005648
4595917
5872837
4757806
7857228
875098
200451
1210114
5301081
6433804
553049
4107514
3818771
1250905
2733772
7011129
731173
8675202
9406430
5355425
7426385
4559671
3658807
2905218
5314069
5632792
3391025
3106556
6755057
3703604
8326950
3397504
7898788
5448969
2845261
2912430
8478387
6385657
6062571
4949217
2482189
2620211
3750584
389806
4241424
5861032
807627
8105642
586762
4302941
9110767
5175496
1155771
6504949
3279055
6889682
6229970
4670702
2756285
4029344
5854788
8423651
2261253
2707072
4579884
3494266
1476495
8180079
3056802
3609787
6674648
9280222
6644850
134696
5602511
302261
1244746
1444308
7606656
1178865
744904
813339
4671279
2794718
9225268
5462303
4534194
5296429
4029509
6970146
7480090
2655069
7084991
8543204
675107
1293547
9652870
8921828
5947140
8066135
2300505
4227808
3724425
2004248
3363424
7122310
1143608
5763241
8620719
7105281
7577686
1339609
5543470
8807605
4641290
7841198
2621353
5463313
9455087
8160460
3490406
9217322
629843
7441225
8170578
9845572
2519481
6899326
7021181
9285328
9936980
5324582
6982973
5852981
9670111
3944288
1682434
1152174
7120588
9708572
5899814
9689055
324939
5678142
5639135
2523433
7338274
1092149
164661
6781486
9076842
8896691
3472610
1343022
9064969
2488292
6960514
5251573
2028656
8227637
8468841
4596537
3900967
2622628
6607189
1690073
85208
7508513
6386179
5583943
2663947
2275877
2588650
3556618
6420025
5402683
3081935
5091197
6111707
2259773
3542413
8526196
7580026
3458320
1238856
7364281
4556336
1611561
5697122
840806
6872811
9801053
2666057
2387787
6413938
3343725
2042693
2901608
6043258
9223160
521598
2188295
6386380
1712532
344987
7759032
4400163
2939562
8556031
6628359
1308362
3262570
4346900
6796021
2386150
930403
7643647
4220901
5396943
5632345
4378176
6093373
2805005
4782483
4496836
6681733
2971016
1707596
1233522
3340604
408375
8643516
9904198
4092059
1281073
1576566
9834667
5818713
8635490
2971007
4044120
1987572
1934858
1303939
7099455
6959109
6249709
1084193
2839507
4338381
8795291
4759676
3698867
102514
8069637
6574510
3511931
963074
9592825
5717384
8835126
3064284
4669342
7768321
293178
8664125
6516481
4919655
1342926
65544
8789018
713028
1108768
8932716
714768
6840470
2402611
5694165
3997674
1860883
6879471
5782818
2328277
9689361
1190951
5322689
9841148
1969934
1567550
6060047
4019328
9590696
2336688
6151752
6420821
276122
4144617
4843020
2098199
8582286
749136
9958387
2582278
8587264
9887303
5385843
3811444
7789407
5158765
9096976
6237214
7195994
3556264
3369036
9946096
9056615
961873
1818944
2862174
3486339
4828110
6572778
5054196
6157086
3755921
4805949
3901019
3513742
8069567
7817111
2804844
6601786
9106038
8140003
6625102
51416
5035394
6040730
5220174
820710
208668
3916557
1648562
3684572
4700043
7118381
4052923
9690468
4023741
489686
9224104
1530082
3885169
8517425
7202188
658689
2123924
6873856
9615615
9594957
4471995
6810611
6623520
1506508
2619346
265305
5279389
4490142
1683514
5422747
6380627
7893211
6616293
1334202
4027931
1259815
643244
9440317
6270242
4745229
2301409
8677094
1421201
1777227
8532150
8857530
8278763
2896170
886338
2616017
1893992
891744
1419335
9615440
1903297
1160440
7619120
3833440
3356622
2589087
3726635
2374449
9222218
6670361
6897556
2284765
8322877
7841171
8121164
5308948
234503
5826115
3480991
9875854
4843819
8710177
7776674
5609301
1673730
43343
1886324
6076015
4097462
1716508
4006263
2716513
2939621
7432748
6338488
1476426
8747150
704629
1207715
1208915
1826463
3157445
9006985
9827191
4106234
2891791
8347341
6376486
5540997
6945998
7137068
21883
5210143
3199142
8457732
584422
4687786
5298101
7660094
3391711
5354113
2980733
2416001
4717612
7770704
7013943
627932
6508908
5246943
226465
7926601
910194
1097399
6334203
7508822
5147186
7211576
5470810
3908501
4190414
1607390
9855866
9718401
5570286
7112906
1460398
5122530
5594375
7078189
9520238
72882
2085382
3281926
7866013
6247869
2985826
213574
5822647
3344445
8104460
7252337
4460061
720324
981221
2138520
5478669
3906228
2923167
8229863
5032881
7555491
5186099
9420748
9722175
1117480
7453585
6122806
1016671
6202309
9315121
3876040
6263661
591726
4731977
9676296
6700625
4753241
7032247
1036175
1204691
1702041
285112
5598734
3741144
8834317
6254239
6179700
1741308
8744270
6022982
9511844
2106320
4581888
6546585
3599598
3054809
8982683
8542146
9551834
796201
5182248
3956498
8653431
5865209
4236886
8241422
2587015
6930136
5103890
3293851
5430751
608347
4333481
7328559
5979661
6013503
8485809
5786810
6242268
2551636
3808543
2178121
6382888
396838
2144751
4714491
1956753
555766
6787398
5949121
9436416
7035945
4238532
9535443
3241123
6647272
4938936
1105633
852849
2836744
6904448
216939
8141458
9894522
4872577
4179427
4362718
9544566
4201584
1183187
9862364
9244120
1273939
1361796
4247074
8695221
8481160
6805085
958706
6963898
2248229
8365803
3478520
1017764
4512471
3495873
3291956
9450364
1112979
9792602
4607102
8778195
2305497
245213
9843873
2400912
4679669
1731229
3342784
8008809
6561584
2029142
528174
2319000
578733
5008582
6415754
4908665
5473359
3650166
5769887
3953734
7987145
9819606
4106538
8629384
6641572
1814677
6775771
1298962
7241240
5385159
7923554
1408463
7037212
8728859
4269137
6478824
6371135
3610379
5698570
1169609
6420800
7921243
8731764
4982439
9343307
302390
1859582
990714
7565004
40837
746200
412242
8609000
1182946
782229
4332445
8181691
8085858
2465903
7262924
6843391
2166332
232183
6005903
6106760
9861514
4624181
2587603
3284733
4005148
9400628
2986556
2489546
5922326
1404506
5084674
7770122
2803329
8982217
4087858
5214570
2265767
6490981
931041
8618267
5365322
4894528
7304025
3115611
9400008
6306392
9809615
2270177
3687544
2622438
3794634
6771831
6991850
275861
7693581
4386082
565876
2073354
9989932
8740880
5204821
4443155
9665785
3840843
182464
904265
291516
263220
661458
5935940
5199667
379334
9281386
8920385
1092841
9944383
174456
8863786
6718165
2692440
6229726
8781547
5785925
8753829
6004927
6406943
51202
2270248
9440714
503051
9935628
5333355
6505230
2691562
3121957
2204728
3755636
9605066
1837239
4674001
8792215
5303540
743505
2465995
7543329
7814847
3014828
2943206
8992586
1310853
4191352
4859893
1055983
8995560
8771581
5143543
2985381
9655619
5131344
3262182
5571489
6699015
1311034
4220974
9197397
735406
6424929
3779159
8770055
5667442
901311
1436316
3629349
643216
2746647
1039579
3154999
5297513
2672650
4307088
2684241
1659194
5017749
5434775
7236191
5141781
9571410
1037036
7008184
9816147
7438688
351013
8339111
7288899
5633697
3279085
8496142
8902356
9976627
5052492
9630826
5680665
3929106
6693549
2503885
413395
3795065
664451
1587682
964459
9502538
6373845
9584641
9909422
2687061
9640819
735247
7881857
7032342
7380719
2592350
2481064
7809491
5984060
1909207
5465420
5530293
5641958
405164
2214891
5147922
9924533
